      14  PHL2525bp6 STCOR 0   PHL2525_cleanbaseavg.fits
GALACTIC
coordinates (deg)    8.068285e+01 -7.031698e+01
VLSR          Ta*
      -5.905e+02       2.273e-02
      -5.893e+02       2.434e-02
      -5.881e+02       2.103e-02
      -5.869e+02       2.033e-02
      -5.857e+02       6.296e-02
      -5.845e+02       3.119e-02
      -5.833e+02       6.644e-03
      -5.820e+02       3.458e-02
      -5.808e+02       5.061e-02
      -5.796e+02       5.126e-02
      -5.784e+02       3.386e-02
      -5.772e+02       3.793e-02
      -5.760e+02       2.160e-02
      -5.748e+02       2.453e-02
      -5.736e+02       3.660e-02
      -5.724e+02       3.024e-02
      -5.712e+02       4.244e-02
      -5.700e+02       2.662e-02
      -5.688e+02       3.116e-02
      -5.676e+02       3.401e-02
      -5.663e+02       3.451e-02
      -5.651e+02       3.172e-02
      -5.639e+02       2.379e-02
      -5.627e+02       2.706e-02
      -5.615e+02       1.629e-02
      -5.603e+02       2.534e-02
      -5.591e+02       3.908e-02
      -5.579e+02       3.402e-02
      -5.567e+02       3.001e-02
      -5.555e+02       2.164e-02
      -5.543e+02       1.345e-02
      -5.531e+02       5.079e-02
      -5.519e+02       4.146e-02
      -5.506e+02       4.158e-03
      -5.494e+02       4.238e-02
      -5.482e+02       2.749e-02
      -5.470e+02      -1.362e-02
      -5.458e+02      -6.178e-03
      -5.446e+02       1.291e-02
      -5.434e+02       1.808e-02
      -5.422e+02       2.177e-02
      -5.410e+02       6.286e-03
      -5.398e+02       1.180e-02
      -5.386e+02       1.943e-02
      -5.374e+02       8.865e-03
      -5.362e+02       1.274e-02
      -5.349e+02       3.747e-02
      -5.337e+02       7.748e-05
      -5.325e+02       9.195e-04
      -5.313e+02      -8.595e-04
      -5.301e+02       2.226e-02
      -5.289e+02       1.613e-02
      -5.277e+02       1.595e-02
      -5.265e+02       3.359e-02
      -5.253e+02       6.899e-03
      -5.241e+02       1.045e-02
      -5.229e+02       1.262e-02
      -5.217e+02       4.786e-03
      -5.204e+02       1.354e-02
      -5.192e+02      -3.641e-03
      -5.180e+02       3.719e-03
      -5.168e+02       1.968e-02
      -5.156e+02      -8.077e-03
      -5.144e+02       1.082e-02
      -5.132e+02       1.067e-02
      -5.120e+02       8.085e-03
      -5.108e+02      -3.568e-03
      -5.096e+02       2.005e-03
      -5.084e+02       1.261e-02
      -5.072e+02       3.131e-03
      -5.060e+02      -5.166e-03
      -5.047e+02       1.261e-02
      -5.035e+02      -2.862e-03
      -5.023e+02      -3.324e-02
      -5.011e+02      -2.254e-02
      -4.999e+02       1.316e-02
      -4.987e+02      -2.009e-03
      -4.975e+02      -2.377e-02
      -4.963e+02       1.812e-02
      -4.951e+02       3.020e-02
      -4.939e+02      -1.806e-02
      -4.927e+02       5.290e-03
      -4.915e+02      -9.729e-03
      -4.903e+02       7.082e-04
      -4.890e+02      -4.365e-03
      -4.878e+02       9.017e-03
      -4.866e+02       3.442e-02
      -4.854e+02       4.891e-03
      -4.842e+02       9.148e-03
      -4.830e+02      -1.621e-02
      -4.818e+02      -1.239e-02
      -4.806e+02       9.450e-03
      -4.794e+02       2.177e-02
      -4.782e+02       1.984e-02
      -4.770e+02      -1.507e-02
      -4.758e+02       3.399e-03
      -4.746e+02      -2.628e-02
      -4.733e+02      -1.093e-02
      -4.721e+02      -1.608e-02
      -4.709e+02       1.484e-02
      -4.697e+02      -2.220e-02
      -4.685e+02       1.825e-02
      -4.673e+02       1.798e-03
      -4.661e+02      -9.880e-04
      -4.649e+02      -6.013e-03
      -4.637e+02      -8.709e-03
      -4.625e+02      -7.733e-03
      -4.613e+02       5.077e-03
      -4.601e+02       9.292e-03
      -4.589e+02      -1.697e-02
      -4.576e+02      -3.580e-02
      -4.564e+02      -9.631e-03
      -4.552e+02      -5.971e-03
      -4.540e+02       2.507e-03
      -4.528e+02       8.292e-03
      -4.516e+02      -1.663e-02
      -4.504e+02      -2.254e-02
      -4.492e+02       1.112e-02
      -4.480e+02       2.528e-02
      -4.468e+02      -8.996e-03
      -4.456e+02      -9.621e-04
      -4.444e+02       3.990e-03
      -4.431e+02       3.277e-02
      -4.419e+02       4.364e-02
      -4.407e+02      -5.970e-03
      -4.395e+02      -9.158e-04
      -4.383e+02      -7.698e-03
      -4.371e+02       2.349e-02
      -4.359e+02      -7.549e-03
      -4.347e+02      -4.558e-03
      -4.335e+02       1.488e-02
      -4.323e+02      -5.648e-03
      -4.311e+02      -7.635e-03
      -4.299e+02      -1.107e-02
      -4.287e+02       1.473e-02
      -4.274e+02       4.038e-03
      -4.262e+02       4.026e-03
      -4.250e+02       5.271e-03
      -4.238e+02       8.130e-03
      -4.226e+02      -9.860e-03
      -4.214e+02      -1.040e-02
      -4.202e+02      -1.285e-02
      -4.190e+02       3.517e-02
      -4.178e+02       1.574e-02
      -4.166e+02       3.851e-03
      -4.154e+02      -1.346e-02
      -4.142e+02       1.491e-03
      -4.130e+02      -8.555e-03
      -4.117e+02       1.144e-02
      -4.105e+02       7.129e-03
      -4.093e+02      -1.331e-02
      -4.081e+02      -9.098e-03
      -4.069e+02       5.605e-03
      -4.057e+02      -4.428e-03
      -4.045e+02       1.894e-02
      -4.033e+02      -5.687e-03
      -4.021e+02      -1.198e-02
      -4.009e+02       8.569e-03
      -3.997e+02      -5.778e-03
      -3.985e+02      -3.092e-03
      -3.973e+02      -5.760e-03
      -3.960e+02      -5.282e-03
      -3.948e+02       1.054e-02
      -3.936e+02      -2.122e-03
      -3.924e+02      -1.485e-03
      -3.912e+02      -5.981e-03
      -3.900e+02      -6.228e-03
      -3.888e+02       9.505e-04
      -3.876e+02       1.694e-02
      -3.864e+02      -1.933e-03
      -3.852e+02      -2.133e-02
      -3.840e+02      -2.414e-02
      -3.828e+02      -4.224e-03
      -3.815e+02      -1.289e-02
      -3.803e+02      -8.776e-03
      -3.791e+02      -2.017e-02
      -3.779e+02       3.169e-02
      -3.767e+02       1.012e-02
      -3.755e+02      -1.067e-02
      -3.743e+02       7.588e-03
      -3.731e+02      -8.694e-03
      -3.719e+02       1.685e-02
      -3.707e+02       4.597e-03
      -3.695e+02      -4.290e-03
      -3.683e+02      -4.123e-03
      -3.671e+02      -1.143e-02
      -3.658e+02       1.360e-02
      -3.646e+02      -3.863e-03
      -3.634e+02       1.461e-02
      -3.622e+02      -9.247e-03
      -3.610e+02      -1.008e-02
      -3.598e+02      -6.674e-03
      -3.586e+02       2.613e-03
      -3.574e+02       7.275e-04
      -3.562e+02       1.154e-02
      -3.550e+02       5.682e-03
      -3.538e+02      -2.506e-04
      -3.526e+02      -2.270e-02
      -3.514e+02      -3.433e-03
      -3.501e+02      -1.578e-02
      -3.489e+02      -1.010e-02
      -3.477e+02      -9.223e-03
      -3.465e+02       6.607e-03
      -3.453e+02      -7.650e-04
      -3.441e+02      -6.652e-03
      -3.429e+02      -6.302e-03
      -3.417e+02      -7.842e-03
      -3.405e+02      -3.537e-03
      -3.393e+02      -7.668e-03
      -3.381e+02      -1.564e-02
      -3.369e+02       1.239e-02
      -3.357e+02       1.635e-03
      -3.344e+02      -6.572e-03
      -3.332e+02       5.884e-03
      -3.320e+02       1.489e-02
      -3.308e+02       6.280e-04
      -3.296e+02       6.401e-03
      -3.284e+02       3.844e-03
      -3.272e+02       1.822e-02
      -3.260e+02      -1.156e-02
      -3.248e+02      -3.992e-03
      -3.236e+02      -6.888e-03
      -3.224e+02      -9.052e-04
      -3.212e+02      -3.125e-03
      -3.200e+02       2.053e-02
      -3.187e+02       9.293e-03
      -3.175e+02       5.483e-03
      -3.163e+02      -1.784e-02
      -3.151e+02      -1.030e-02
      -3.139e+02       2.779e-02
      -3.127e+02       4.139e-03
      -3.115e+02       3.110e-02
      -3.103e+02       8.106e-03
      -3.091e+02      -1.548e-02
      -3.079e+02       1.434e-02
      -3.067e+02       1.171e-03
      -3.055e+02       9.983e-03
      -3.042e+02      -2.023e-02
      -3.030e+02      -1.805e-02
      -3.018e+02      -7.840e-04
      -3.006e+02       9.064e-04
      -2.994e+02      -1.474e-02
      -2.982e+02      -1.551e-02
      -2.970e+02       1.335e-02
      -2.958e+02       6.696e-03
      -2.946e+02      -1.292e-02
      -2.934e+02       1.212e-02
      -2.922e+02      -7.809e-03
      -2.910e+02       1.185e-02
      -2.898e+02      -4.006e-03
      -2.885e+02       1.556e-03
      -2.873e+02       1.443e-02
      -2.861e+02       1.747e-02
      -2.849e+02      -6.858e-03
      -2.837e+02      -2.866e-02
      -2.825e+02      -6.611e-03
      -2.813e+02       1.759e-02
      -2.801e+02      -3.067e-04
      -2.789e+02      -1.810e-02
      -2.777e+02      -1.977e-02
      -2.765e+02       7.982e-03
      -2.753e+02       4.405e-03
      -2.741e+02       1.454e-02
      -2.728e+02      -7.545e-03
      -2.716e+02      -1.313e-02
      -2.704e+02      -9.202e-03
      -2.692e+02      -1.700e-02
      -2.680e+02       5.034e-04
      -2.668e+02       9.379e-04
      -2.656e+02       1.253e-02
      -2.644e+02       1.307e-02
      -2.632e+02       4.587e-03
      -2.620e+02      -6.826e-03
      -2.608e+02      -9.177e-03
      -2.596e+02       2.199e-02
      -2.584e+02       6.913e-03
      -2.571e+02       1.113e-03
      -2.559e+02      -2.264e-02
      -2.547e+02      -1.005e-03
      -2.535e+02       1.002e-03
      -2.523e+02       7.838e-03
      -2.511e+02       2.565e-02
      -2.499e+02       1.668e-02
      -2.487e+02      -1.984e-02
      -2.475e+02       2.393e-03
      -2.463e+02       3.461e-03
      -2.451e+02       1.065e-02
      -2.439e+02       1.322e-02
      -2.426e+02       2.970e-02
      -2.414e+02      -9.953e-03
      -2.402e+02       2.214e-02
      -2.390e+02       5.638e-03
      -2.378e+02      -2.715e-04
      -2.366e+02      -1.252e-03
      -2.354e+02       2.011e-03
      -2.342e+02      -1.189e-02
      -2.330e+02       2.056e-02
      -2.318e+02       5.532e-03
      -2.306e+02      -2.802e-03
      -2.294e+02       7.952e-03
      -2.282e+02       1.535e-02
      -2.269e+02      -1.675e-02
      -2.257e+02       1.769e-02
      -2.245e+02       9.187e-03
      -2.233e+02       1.218e-02
      -2.221e+02       3.132e-02
      -2.209e+02       1.348e-02
      -2.197e+02      -4.117e-03
      -2.185e+02       1.660e-02
      -2.173e+02      -1.042e-02
      -2.161e+02       2.486e-02
      -2.149e+02       2.292e-02
      -2.137e+02       4.434e-02
      -2.125e+02       2.828e-02
      -2.112e+02       3.376e-02
      -2.100e+02       1.971e-03
      -2.088e+02       3.562e-02
      -2.076e+02       4.387e-02
      -2.064e+02       4.457e-02
      -2.052e+02       3.950e-02
      -2.040e+02       4.273e-02
      -2.028e+02       5.981e-02
      -2.016e+02       7.143e-02
      -2.004e+02       1.098e-01
      -1.992e+02       7.059e-02
      -1.980e+02       1.020e-01
      -1.968e+02       1.403e-01
      -1.955e+02       1.379e-01
      -1.943e+02       1.307e-01
      -1.931e+02       1.322e-01
      -1.919e+02       1.478e-01
      -1.907e+02       1.547e-01
      -1.895e+02       1.407e-01
      -1.883e+02       1.446e-01
      -1.871e+02       1.575e-01
      -1.859e+02       1.185e-01
      -1.847e+02       1.300e-01
      -1.835e+02       1.111e-01
      -1.823e+02       1.118e-01
      -1.810e+02       9.884e-02
      -1.798e+02       9.368e-02
      -1.786e+02       7.884e-02
      -1.774e+02       7.167e-02
      -1.762e+02       8.647e-02
      -1.750e+02       4.255e-02
      -1.738e+02       4.046e-02
      -1.726e+02       5.782e-02
      -1.714e+02       2.153e-02
      -1.702e+02       5.755e-02
      -1.690e+02       2.789e-02
      -1.678e+02       4.343e-03
      -1.666e+02       1.276e-02
      -1.653e+02       1.695e-02
      -1.641e+02      -3.453e-03
      -1.629e+02       1.150e-03
      -1.617e+02       1.537e-02
      -1.605e+02       1.385e-02
      -1.593e+02       1.092e-02
      -1.581e+02       2.350e-02
      -1.569e+02       1.382e-02
      -1.557e+02      -7.193e-03
      -1.545e+02       1.579e-02
      -1.533e+02       1.229e-02
      -1.521e+02       1.363e-02
      -1.509e+02       9.072e-03
      -1.496e+02       7.997e-03
      -1.484e+02       1.761e-02
      -1.472e+02       4.634e-03
      -1.460e+02       2.425e-02
      -1.448e+02       3.862e-02
      -1.436e+02      -1.819e-02
      -1.424e+02      -1.018e-02
      -1.412e+02       4.769e-03
      -1.400e+02       3.349e-02
      -1.388e+02      -6.726e-04
      -1.376e+02       5.971e-03
      -1.364e+02       1.466e-03
      -1.352e+02       1.810e-02
      -1.339e+02       1.133e-02
      -1.327e+02       1.178e-02
      -1.315e+02       4.229e-02
      -1.303e+02       3.170e-02
      -1.291e+02      -2.312e-03
      -1.279e+02       2.241e-02
      -1.267e+02       3.837e-04
      -1.255e+02       3.173e-02
      -1.243e+02       1.784e-02
      -1.231e+02       2.035e-02
      -1.219e+02       2.317e-02
      -1.207e+02       9.005e-04
      -1.195e+02       1.704e-02
      -1.182e+02      -1.149e-02
      -1.170e+02      -3.530e-03
      -1.158e+02      -1.817e-03
      -1.146e+02      -8.204e-03
      -1.134e+02       1.001e-02
      -1.122e+02      -1.200e-02
      -1.110e+02      -1.558e-02
      -1.098e+02      -8.272e-03
      -1.086e+02       1.287e-02
      -1.074e+02      -1.577e-03
      -1.062e+02       5.301e-03
      -1.050e+02       1.333e-02
      -1.037e+02      -2.546e-03
      -1.025e+02       1.810e-02
      -1.013e+02       1.502e-02
      -1.001e+02       2.150e-04
      -9.892e+01      -1.158e-02
      -9.771e+01       2.918e-02
      -9.650e+01       8.499e-03
      -9.529e+01      -8.026e-03
      -9.409e+01       2.648e-02
      -9.288e+01       8.589e-03
      -9.167e+01       1.540e-02
      -9.046e+01      -7.820e-03
      -8.925e+01       8.434e-03
      -8.805e+01       2.010e-02
      -8.684e+01       9.809e-03
      -8.563e+01       8.115e-03
      -8.442e+01      -5.828e-03
      -8.322e+01       2.471e-02
      -8.201e+01       1.922e-02
      -8.080e+01       5.252e-03
      -7.959e+01       9.374e-03
      -7.838e+01       3.541e-03
      -7.718e+01       8.754e-03
      -7.597e+01       1.496e-02
      -7.476e+01       2.888e-02
      -7.355e+01      -1.783e-04
      -7.235e+01       4.159e-02
      -7.114e+01       1.405e-02
      -6.993e+01       4.394e-02
      -6.872e+01       2.829e-02
      -6.751e+01       3.883e-02
      -6.631e+01       3.255e-02
      -6.510e+01       2.959e-02
      -6.389e+01       6.796e-03
      -6.268e+01       2.397e-02
      -6.147e+01       2.649e-02
      -6.027e+01       3.226e-02
      -5.906e+01       3.310e-02
      -5.785e+01       5.160e-02
      -5.664e+01       3.802e-02
      -5.544e+01       7.132e-02
      -5.423e+01       4.221e-02
      -5.302e+01       4.148e-02
      -5.181e+01       6.437e-02
      -5.060e+01       5.025e-02
      -4.940e+01       6.945e-02
      -4.819e+01       7.650e-02
      -4.698e+01       7.825e-02
      -4.577e+01       9.806e-02
      -4.457e+01       6.745e-02
      -4.336e+01       5.187e-02
      -4.215e+01       1.030e-01
      -4.094e+01       1.140e-01
      -3.973e+01       9.818e-02
      -3.853e+01       1.056e-01
      -3.732e+01       1.182e-01
      -3.611e+01       1.136e-01
      -3.490e+01       1.433e-01
      -3.369e+01       1.386e-01
      -3.249e+01       1.653e-01
      -3.128e+01       2.017e-01
      -3.007e+01       2.295e-01
      -2.886e+01       2.426e-01
      -2.766e+01       3.030e-01
      -2.645e+01       3.564e-01
      -2.524e+01       4.386e-01
      -2.403e+01       5.211e-01
      -2.282e+01       6.486e-01
      -2.162e+01       8.236e-01
      -2.041e+01       1.051e+00
      -1.920e+01       1.522e+00
      -1.799e+01       2.276e+00
      -1.679e+01       3.018e+00
      -1.558e+01       3.463e+00
      -1.437e+01       3.639e+00
      -1.316e+01       3.858e+00
      -1.195e+01       3.927e+00
      -1.075e+01       4.095e+00
      -9.538e+00       4.361e+00
      -8.330e+00       4.569e+00
      -7.123e+00       4.630e+00
      -5.915e+00       4.632e+00
      -4.707e+00       4.656e+00
      -3.499e+00       4.673e+00
      -2.291e+00       4.792e+00
      -1.083e+00       4.960e+00
       1.244e-01       5.059e+00
       1.332e+00       5.002e+00
       2.540e+00       4.807e+00
       3.748e+00       4.123e+00
       4.956e+00       3.103e+00
       6.164e+00       2.278e+00
       7.371e+00       1.743e+00
       8.579e+00       1.281e+00
       9.787e+00       9.457e-01
       1.099e+01       6.938e-01
       1.220e+01       5.173e-01
       1.341e+01       3.880e-01
       1.462e+01       2.597e-01
       1.583e+01       1.982e-01
       1.703e+01       1.294e-01
       1.824e+01       1.059e-01
       1.945e+01       7.831e-02
       2.066e+01       5.067e-02
       2.187e+01       4.334e-02
       2.307e+01       9.737e-03
       2.428e+01       2.791e-02
       2.549e+01       6.130e-03
       2.670e+01       1.647e-02
       2.790e+01      -5.221e-04
       2.911e+01      -1.833e-03
       3.032e+01      -1.951e-03
       3.153e+01       1.266e-02
       3.274e+01      -4.553e-03
       3.394e+01       2.536e-03
       3.515e+01      -5.146e-03
       3.636e+01       5.866e-03
       3.757e+01      -4.863e-03
       3.877e+01      -7.469e-03
       3.998e+01       9.405e-03
       4.119e+01      -9.122e-04
       4.240e+01      -3.065e-02
       4.361e+01       2.098e-03
       4.481e+01      -8.066e-03
       4.602e+01       1.031e-02
       4.723e+01       1.897e-03
       4.844e+01       1.276e-02
       4.965e+01      -7.761e-03
       5.085e+01      -2.592e-02
       5.206e+01      -8.988e-03
       5.327e+01      -1.190e-02
       5.448e+01       6.114e-03
       5.568e+01       1.105e-02
       5.689e+01       1.072e-02
       5.810e+01      -8.695e-03
       5.931e+01      -7.120e-03
       6.052e+01      -2.302e-02
       6.172e+01      -5.983e-03
       6.293e+01      -7.732e-03
       6.414e+01      -7.410e-03
       6.535e+01      -3.561e-02
       6.655e+01      -4.429e-03
       6.776e+01      -2.526e-02
       6.897e+01      -3.218e-03
       7.018e+01      -3.651e-03
       7.139e+01      -7.392e-03
       7.259e+01      -8.744e-03
       7.380e+01      -4.460e-03
       7.501e+01      -1.707e-02
       7.622e+01      -4.218e-03
       7.743e+01       4.286e-03
       7.863e+01      -9.620e-03
       7.984e+01      -2.092e-02
       8.105e+01      -1.006e-02
       8.226e+01      -1.596e-02
       8.346e+01      -1.999e-04
       8.467e+01       2.761e-02
       8.588e+01      -8.748e-04
       8.709e+01       9.360e-03
       8.830e+01      -3.065e-02
       8.950e+01      -1.051e-02
       9.071e+01      -1.273e-02
       9.192e+01      -3.916e-03
       9.313e+01      -1.285e-02
       9.433e+01      -1.111e-02
       9.554e+01      -1.898e-02
       9.675e+01       1.820e-02
       9.796e+01      -7.497e-03
       9.917e+01      -1.604e-02
       1.004e+02      -9.070e-04
       1.016e+02      -5.250e-03
       1.028e+02      -1.846e-02
       1.040e+02      -1.195e-02
       1.052e+02      -1.472e-02
       1.064e+02      -2.092e-02
       1.076e+02      -3.994e-03
       1.088e+02      -2.307e-02
       1.100e+02      -1.847e-02
       1.112e+02      -9.498e-03
       1.125e+02      -5.624e-03
       1.137e+02      -8.581e-04
       1.149e+02      -2.277e-02
       1.161e+02       1.333e-02
       1.173e+02       1.440e-02
       1.185e+02      -6.752e-03
       1.197e+02      -1.799e-02
       1.209e+02       4.905e-03
       1.221e+02       3.190e-04
       1.233e+02       5.420e-03
       1.245e+02      -4.249e-03
       1.257e+02      -7.170e-03
       1.269e+02      -1.820e-03
       1.282e+02      -1.958e-02
       1.294e+02       1.913e-02
       1.306e+02       1.096e-02
       1.318e+02       8.025e-03
       1.330e+02       4.485e-03
       1.342e+02       7.527e-03
       1.354e+02      -9.449e-03
       1.366e+02       1.278e-02
       1.378e+02       1.834e-03
       1.390e+02      -2.200e-02
       1.402e+02      -5.043e-03
       1.414e+02      -6.546e-03
       1.426e+02      -2.083e-02
       1.439e+02      -7.000e-03
       1.451e+02       8.963e-03
       1.463e+02       1.226e-03
       1.475e+02       4.161e-03
       1.487e+02       1.053e-02
       1.499e+02      -3.830e-03
       1.511e+02       3.511e-03
       1.523e+02       1.050e-02
       1.535e+02      -6.115e-03
       1.547e+02       7.895e-03
       1.559e+02      -6.783e-03
       1.571e+02       1.991e-02
       1.583e+02       4.064e-03
       1.596e+02      -5.491e-03
       1.608e+02      -8.542e-03
       1.620e+02       2.106e-02
       1.632e+02       3.391e-03
       1.644e+02      -1.120e-02
       1.656e+02       4.101e-03
       1.668e+02       7.686e-03
       1.680e+02       6.625e-03
       1.692e+02       4.857e-03
       1.704e+02      -1.085e-02
       1.716e+02       4.740e-03
       1.728e+02      -1.319e-03
       1.741e+02      -5.635e-03
       1.753e+02       1.215e-02
       1.765e+02      -3.618e-03
       1.777e+02      -5.001e-03
       1.789e+02      -2.449e-03
       1.801e+02       6.973e-03
       1.813e+02      -1.000e-02
       1.825e+02       1.759e-02
       1.837e+02       2.414e-02
       1.849e+02      -9.710e-04
       1.861e+02       5.122e-03
       1.873e+02      -7.708e-03
       1.885e+02       3.640e-03
       1.898e+02       1.419e-02
       1.910e+02      -1.645e-03
       1.922e+02       8.506e-03
       1.934e+02       1.184e-02
       1.946e+02      -1.231e-02
       1.958e+02      -1.643e-02
       1.970e+02       4.027e-03
       1.982e+02       3.420e-02
       1.994e+02      -4.172e-03
       2.006e+02      -2.304e-02
       2.018e+02      -4.820e-03
       2.030e+02      -2.617e-03
       2.042e+02      -3.286e-02
       2.055e+02       1.525e-02
       2.067e+02       8.671e-03
       2.079e+02       9.717e-03
       2.091e+02      -1.222e-03
       2.103e+02      -5.188e-04
       2.115e+02      -4.747e-03
       2.127e+02      -3.645e-03
       2.139e+02      -1.115e-02
       2.151e+02      -1.228e-02
       2.163e+02      -4.771e-03
       2.175e+02      -2.442e-03
       2.187e+02      -2.626e-05
       2.199e+02       7.389e-03
       2.212e+02       9.295e-04
       2.224e+02      -5.473e-03
       2.236e+02       1.762e-03
       2.248e+02      -2.138e-03
       2.260e+02      -1.791e-03
       2.272e+02       8.132e-03
       2.284e+02       1.990e-03
       2.296e+02       7.205e-03
       2.308e+02      -7.028e-04
       2.320e+02       1.139e-02
       2.332e+02       1.945e-02
       2.344e+02       3.199e-03
       2.357e+02       1.061e-02
       2.369e+02       5.705e-03
       2.381e+02       1.527e-02
       2.393e+02      -3.625e-03
       2.405e+02       6.394e-03
       2.417e+02       2.496e-02
       2.429e+02       1.147e-03
       2.441e+02      -3.594e-02
       2.453e+02       2.797e-03
       2.465e+02       3.736e-02
       2.477e+02       1.876e-02
       2.489e+02       1.575e-02
       2.501e+02       7.869e-03
       2.514e+02      -1.252e-02
       2.526e+02      -1.094e-03
       2.538e+02       7.490e-04
       2.550e+02       2.871e-04
       2.562e+02       7.595e-03
       2.574e+02      -2.841e-03
       2.586e+02       3.481e-04
       2.598e+02      -2.181e-03
       2.610e+02      -2.210e-02
       2.622e+02       6.323e-03
       2.634e+02       7.717e-03
       2.646e+02       1.063e-02
       2.658e+02       9.175e-03
       2.671e+02       1.115e-02
       2.683e+02      -4.240e-03
       2.695e+02       2.881e-02
       2.707e+02      -3.176e-02
       2.719e+02       5.594e-03
       2.731e+02      -5.998e-03
       2.743e+02       1.962e-03
       2.755e+02      -3.860e-04
       2.767e+02       7.998e-03
       2.779e+02       1.047e-02
       2.791e+02       2.803e-02
       2.803e+02       2.495e-02
       2.815e+02       1.351e-02
       2.828e+02       1.406e-02
       2.840e+02       1.148e-02
       2.852e+02      -9.708e-03
       2.864e+02      -1.525e-02
       2.876e+02       1.931e-03
       2.888e+02       9.253e-03
       2.900e+02      -2.557e-03
       2.912e+02      -9.791e-03
       2.924e+02      -3.437e-03
       2.936e+02      -1.023e-02
       2.948e+02      -5.746e-03
       2.960e+02      -1.412e-02
       2.973e+02      -1.028e-02
       2.985e+02      -1.799e-03
       2.997e+02      -3.772e-03
       3.009e+02      -2.448e-03
       3.021e+02      -1.625e-02
       3.033e+02      -2.000e-03
       3.045e+02       9.125e-03
       3.057e+02      -9.732e-03
       3.069e+02       6.584e-03
       3.081e+02       7.872e-03
       3.093e+02      -2.008e-02
       3.105e+02      -2.131e-02
       3.117e+02      -1.467e-02
       3.130e+02      -1.294e-02
       3.142e+02      -1.450e-02
       3.154e+02      -8.389e-03
       3.166e+02       1.763e-02
       3.178e+02      -6.315e-03
       3.190e+02      -2.678e-03
       3.202e+02      -2.848e-02
       3.214e+02      -2.062e-02
       3.226e+02       1.596e-02
       3.238e+02      -1.089e-02
       3.250e+02      -1.334e-03
       3.262e+02       1.391e-02
       3.274e+02       8.592e-03
       3.287e+02      -5.850e-03
       3.299e+02       4.619e-03
       3.311e+02       1.643e-02
       3.323e+02      -1.597e-02
       3.335e+02       4.446e-03
       3.347e+02      -9.352e-03
       3.359e+02       1.808e-02
       3.371e+02      -6.561e-03
       3.383e+02       2.130e-02
       3.395e+02      -1.788e-02
       3.407e+02       3.193e-04
       3.419e+02      -1.871e-02
       3.431e+02      -1.028e-02
       3.444e+02      -2.285e-03
       3.456e+02      -1.671e-02
       3.468e+02      -1.527e-02
       3.480e+02       6.331e-03
       3.492e+02      -8.261e-04
       3.504e+02      -9.391e-03
       3.516e+02      -2.352e-02
       3.528e+02       5.547e-03
       3.540e+02       1.154e-02
       3.552e+02      -1.355e-02
       3.564e+02      -4.220e-03
       3.576e+02      -3.222e-03
       3.588e+02       1.962e-02
       3.601e+02       4.521e-05
       3.613e+02      -2.980e-02
       3.625e+02      -2.567e-02
       3.637e+02      -1.324e-02
       3.649e+02      -2.659e-02
       3.661e+02      -1.875e-02
       3.673e+02      -1.774e-02
       3.685e+02      -1.878e-02
       3.697e+02      -1.175e-03
       3.709e+02       3.724e-03
       3.721e+02       9.095e-03
       3.733e+02      -1.171e-03
       3.746e+02      -1.432e-02
       3.758e+02      -7.273e-03
       3.770e+02      -3.683e-03
       3.782e+02      -9.265e-03
       3.794e+02      -2.446e-03
       3.806e+02      -2.121e-03
       3.818e+02      -1.040e-02
       3.830e+02      -1.686e-03
       3.842e+02      -8.684e-03
       3.854e+02       6.849e-03
       3.866e+02       1.978e-02
       3.878e+02      -5.693e-03
       3.890e+02      -3.073e-03
       3.903e+02      -1.302e-03
       3.915e+02      -3.729e-03
       3.927e+02      -6.003e-03
       3.939e+02       3.121e-02
       3.951e+02      -2.368e-02
       3.963e+02      -4.957e-02
       3.975e+02      -3.270e-02
       3.987e+02      -1.778e-01
       3.999e+02      -1.181e-01
       4.011e+02      -1.200e-01
       4.023e+02      -8.423e-02
       4.035e+02       1.325e-02
       4.047e+02       2.411e-03
       4.060e+02       1.582e-03
       4.072e+02      -9.519e-03
       4.084e+02      -1.139e-02
       4.096e+02      -1.146e-02
       4.108e+02      -2.553e-02
       4.120e+02      -7.026e-03
       4.132e+02       6.307e-03
       4.144e+02       8.212e-04
       4.156e+02      -3.415e-03
       4.168e+02      -2.236e-02
       4.180e+02      -2.782e-02
       4.192e+02      -3.771e-03
       4.204e+02       7.801e-03
       4.217e+02      -5.147e-03
       4.229e+02       1.366e-02
       4.241e+02      -1.800e-02
       4.253e+02      -2.794e-02
       4.265e+02      -2.755e-02
       4.277e+02      -3.110e-02
       4.289e+02      -2.038e-03
       4.301e+02      -4.425e-03
       4.313e+02      -2.924e-03
       4.325e+02      -1.533e-02
       4.337e+02      -1.309e-02
       4.349e+02       1.050e-02
       4.362e+02      -4.042e-04
       4.374e+02       9.672e-03
       4.386e+02       1.257e-02
       4.398e+02       1.984e-03
       4.410e+02      -1.514e-02
       4.422e+02      -2.387e-03
       4.434e+02      -9.027e-03
       4.446e+02      -1.765e-02
       4.458e+02       7.360e-03
       4.470e+02       1.178e-03
       4.482e+02      -1.675e-02
       4.494e+02      -1.778e-02
       4.506e+02      -1.301e-02
       4.519e+02       1.651e-03
       4.531e+02      -2.414e-02
       4.543e+02      -1.192e-02
       4.555e+02      -7.369e-03
       4.567e+02      -2.996e-02
       4.579e+02      -1.858e-02
       4.591e+02      -1.244e-02
       4.603e+02      -3.994e-03
       4.615e+02      -1.831e-03
       4.627e+02      -2.630e-02
       4.639e+02      -9.026e-03
       4.651e+02      -8.532e-03
       4.663e+02      -2.257e-03
       4.676e+02      -1.756e-03
       4.688e+02       6.192e-03
       4.700e+02      -1.640e-02
       4.712e+02      -6.488e-03
       4.724e+02      -2.551e-02
       4.736e+02      -1.121e-02
       4.748e+02      -2.559e-02
       4.760e+02      -3.084e-02
       4.772e+02      -1.832e-02
       4.784e+02      -2.778e-02
       4.796e+02      -3.900e-02
       4.808e+02      -2.882e-02
       4.820e+02      -2.356e-02
       4.833e+02      -1.399e-02
       4.845e+02      -1.312e-02
       4.857e+02      -3.390e-02
       4.869e+02      -2.367e-02
       4.881e+02      -2.893e-02
       4.893e+02      -2.820e-02
       4.905e+02      -2.213e-02
       4.917e+02      -1.589e-02
       4.929e+02      -2.240e-02
       4.941e+02      -1.468e-02
       4.953e+02      -3.073e-02
       4.965e+02      -2.945e-02
       4.977e+02      -2.793e-02
       4.990e+02      -2.895e-02
       5.002e+02      -3.505e-02
       5.014e+02      -3.539e-02
       5.026e+02      -3.855e-02
       5.038e+02      -7.803e-03
       5.050e+02      -1.822e-02
       5.062e+02      -1.458e-02
       5.074e+02      -4.682e-03
       5.086e+02      -1.022e-02
       5.098e+02      -2.411e-02
       5.110e+02      -3.183e-02
       5.122e+02      -1.274e-02
       5.135e+02      -4.198e-02
       5.147e+02      -3.473e-02
       5.159e+02      -2.150e-02
       5.171e+02      -1.823e-02
       5.183e+02      -2.484e-02
       5.195e+02      -2.188e-02
       5.207e+02       2.212e-03
       5.219e+02      -3.021e-02
       5.231e+02      -4.175e-02
       5.243e+02      -4.263e-02
       5.255e+02      -3.715e-02
       5.267e+02      -4.871e-02
       5.279e+02      -5.076e-02
       5.292e+02      -2.788e-02
       5.304e+02      -3.782e-02
       5.316e+02      -5.666e-02
       5.328e+02      -3.580e-02
       5.340e+02      -4.804e-02
       5.352e+02      -6.138e-02
       5.364e+02      -9.438e-02
       5.376e+02      -5.801e-02
       5.388e+02      -7.374e-02
       5.400e+02      -6.949e-02
       5.412e+02      -9.149e-02
       5.424e+02      -8.373e-02
       5.436e+02      -1.059e-01
       5.449e+02      -1.031e-01
       5.461e+02      -9.159e-02
       5.473e+02      -9.610e-02
       5.485e+02      -1.070e-01
       5.497e+02      -9.713e-02
       5.509e+02      -9.490e-02
       5.521e+02      -1.030e-01
       5.533e+02      -1.087e-01
       5.545e+02      -1.116e-01
       5.557e+02      -7.997e-02
       5.569e+02      -9.765e-02
       5.581e+02      -7.520e-02
       5.593e+02      -6.888e-02
       5.606e+02      -7.233e-02
       5.618e+02      -8.039e-02
       5.630e+02      -9.410e-02
       5.642e+02      -4.879e-02
       5.654e+02      -6.108e-02
       5.666e+02      -7.401e-02
       5.678e+02      -7.349e-02
       5.690e+02      -7.037e-02
       5.702e+02      -5.786e-02
       5.714e+02      -5.437e-02
       5.726e+02      -4.493e-02
       5.738e+02      -3.509e-02
       5.751e+02      -4.251e-02
       5.763e+02      -5.036e-02
       5.775e+02      -5.200e-02
       5.787e+02      -6.325e-02
       5.799e+02      -5.668e-02
       5.811e+02      -3.733e-02
       5.823e+02      -5.974e-02
       5.835e+02      -4.353e-02
       5.847e+02      -5.369e-02
       5.859e+02      -7.512e-02
       5.871e+02      -5.941e-02
       5.883e+02      -3.468e-02
       5.895e+02      -7.379e-02
       5.908e+02      -7.324e-02
       5.920e+02      -7.113e-02
       5.932e+02      -8.070e-02
       5.944e+02      -6.054e-02
       5.956e+02      -4.108e-02
       5.968e+02      -4.630e-02
       5.980e+02      -6.021e-02
       5.992e+02      -6.424e-02
       6.004e+02      -4.932e-02
       6.016e+02      -5.972e-02
       6.028e+02      -4.746e-02
       6.040e+02      -5.296e-02
       6.052e+02      -4.317e-02
       6.065e+02      -5.429e-02
       6.077e+02      -5.813e-02
       6.089e+02      -8.228e-02
       6.101e+02      -5.849e-02
       6.113e+02      -5.959e-02
       6.125e+02      -5.318e-02
       6.137e+02      -8.276e-02
       6.149e+02      -6.966e-02
       6.161e+02      -7.675e-02
       6.173e+02      -8.218e-02
       6.185e+02      -5.676e-02
       6.197e+02      -6.883e-02
       6.209e+02      -4.519e-02
       6.222e+02      -6.293e-02
       6.234e+02      -7.583e-02
       6.246e+02      -6.662e-02
       6.258e+02      -6.784e-02
       6.270e+02      -5.343e-02
       6.282e+02      -5.347e-02
       6.294e+02      -5.668e-02
       6.306e+02      -6.317e-02
       6.318e+02      -7.219e-02