       8  PHL2525    STCOR   PHL2525_cleanbaseavg.fits
GALACTIC
coordinates (deg)    8.068270e+01 -7.131694e+01
VLSR          Ta*
      -5.905e+02       4.269e-02
      -5.893e+02       5.922e-02
      -5.881e+02       3.920e-02
      -5.869e+02       6.175e-02
      -5.857e+02       3.869e-02
      -5.845e+02       6.589e-02
      -5.833e+02       5.865e-02
      -5.820e+02       5.080e-02
      -5.808e+02       4.702e-02
      -5.796e+02       4.563e-02
      -5.784e+02       4.846e-02
      -5.772e+02       3.546e-02
      -5.760e+02       4.646e-02
      -5.748e+02       4.522e-02
      -5.736e+02       5.810e-02
      -5.724e+02       5.561e-02
      -5.712e+02       4.957e-02
      -5.700e+02       3.279e-02
      -5.688e+02       4.902e-02
      -5.676e+02       6.006e-02
      -5.663e+02       4.129e-02
      -5.651e+02       5.073e-02
      -5.639e+02       3.928e-02
      -5.627e+02       4.967e-02
      -5.615e+02       4.834e-02
      -5.603e+02       4.189e-02
      -5.591e+02       3.597e-02
      -5.579e+02       4.073e-02
      -5.567e+02       4.641e-02
      -5.555e+02       4.840e-02
      -5.543e+02       4.003e-02
      -5.531e+02       4.038e-02
      -5.519e+02       3.843e-02
      -5.506e+02       4.039e-02
      -5.494e+02       3.755e-02
      -5.482e+02       2.810e-02
      -5.470e+02       2.592e-02
      -5.458e+02       2.938e-02
      -5.446e+02       2.620e-02
      -5.434e+02       3.042e-02
      -5.422e+02       1.864e-02
      -5.410e+02       2.690e-02
      -5.398e+02       1.752e-02
      -5.386e+02       8.551e-03
      -5.374e+02       3.625e-03
      -5.362e+02       1.873e-02
      -5.349e+02       1.373e-02
      -5.337e+02       2.636e-02
      -5.325e+02       2.030e-02
      -5.313e+02       3.126e-02
      -5.301e+02       1.189e-02
      -5.289e+02       1.587e-02
      -5.277e+02       1.285e-02
      -5.265e+02       1.218e-02
      -5.253e+02       2.674e-02
      -5.241e+02       1.650e-02
      -5.229e+02       1.965e-02
      -5.217e+02       1.892e-02
      -5.204e+02       1.736e-02
      -5.192e+02       3.461e-03
      -5.180e+02       2.284e-02
      -5.168e+02       1.412e-02
      -5.156e+02       2.053e-02
      -5.144e+02       1.390e-02
      -5.132e+02       1.637e-02
      -5.120e+02       1.021e-02
      -5.108e+02       1.097e-03
      -5.096e+02       6.940e-04
      -5.084e+02       8.786e-03
      -5.072e+02       2.129e-02
      -5.060e+02       1.348e-02
      -5.047e+02       3.262e-03
      -5.035e+02       1.635e-02
      -5.023e+02       2.051e-02
      -5.011e+02       5.318e-03
      -4.999e+02       7.473e-03
      -4.987e+02      -3.314e-03
      -4.975e+02       7.748e-03
      -4.963e+02       5.669e-05
      -4.951e+02       6.432e-03
      -4.939e+02      -2.167e-03
      -4.927e+02      -1.697e-03
      -4.915e+02       7.004e-03
      -4.903e+02      -6.088e-03
      -4.890e+02       5.173e-03
      -4.878e+02       1.534e-03
      -4.866e+02      -3.519e-03
      -4.854e+02       2.802e-03
      -4.842e+02       6.477e-03
      -4.830e+02       9.666e-03
      -4.818e+02       7.612e-03
      -4.806e+02       2.216e-03
      -4.794e+02       1.002e-02
      -4.782e+02       9.313e-03
      -4.770e+02       6.534e-03
      -4.758e+02       8.317e-03
      -4.746e+02       2.487e-03
      -4.733e+02      -6.182e-03
      -4.721e+02       7.661e-03
      -4.709e+02      -1.458e-03
      -4.697e+02      -2.545e-03
      -4.685e+02      -1.546e-03
      -4.673e+02       1.683e-03
      -4.661e+02       1.401e-02
      -4.649e+02       1.676e-03
      -4.637e+02      -6.656e-04
      -4.625e+02      -9.379e-03
      -4.613e+02      -3.947e-04
      -4.601e+02       9.941e-04
      -4.589e+02       1.688e-02
      -4.576e+02       4.964e-04
      -4.564e+02      -3.810e-03
      -4.552e+02      -5.862e-04
      -4.540e+02       7.596e-04
      -4.528e+02       1.204e-02
      -4.516e+02      -1.373e-02
      -4.504e+02       9.412e-03
      -4.492e+02      -5.438e-03
      -4.480e+02      -6.830e-04
      -4.468e+02       6.525e-03
      -4.456e+02      -5.874e-03
      -4.444e+02       1.096e-02
      -4.431e+02      -3.323e-03
      -4.419e+02       6.458e-03
      -4.407e+02       4.178e-03
      -4.395e+02       6.013e-03
      -4.383e+02       4.668e-03
      -4.371e+02       1.234e-03
      -4.359e+02       1.057e-02
      -4.347e+02      -2.014e-03
      -4.335e+02       5.241e-03
      -4.323e+02      -4.064e-04
      -4.311e+02      -7.571e-03
      -4.299e+02       3.359e-03
      -4.287e+02      -6.130e-03
      -4.274e+02      -1.053e-02
      -4.262e+02       1.094e-02
      -4.250e+02       5.063e-03
      -4.238e+02      -3.861e-03
      -4.226e+02      -3.784e-03
      -4.214e+02       6.874e-03
      -4.202e+02      -5.189e-03
      -4.190e+02       3.671e-03
      -4.178e+02       1.065e-02
      -4.166e+02       3.255e-03
      -4.154e+02       1.200e-02
      -4.142e+02       3.378e-03
      -4.130e+02      -7.214e-03
      -4.117e+02      -5.366e-03
      -4.105e+02      -8.179e-03
      -4.093e+02      -3.153e-03
      -4.081e+02       2.136e-03
      -4.069e+02       4.101e-03
      -4.057e+02       1.179e-03
      -4.045e+02      -6.061e-03
      -4.033e+02      -1.812e-04
      -4.021e+02      -8.781e-03
      -4.009e+02      -2.156e-02
      -3.997e+02      -1.671e-02
      -3.985e+02       6.003e-03
      -3.973e+02      -4.158e-04
      -3.960e+02      -1.411e-02
      -3.948e+02      -6.103e-03
      -3.936e+02      -8.736e-04
      -3.924e+02       4.565e-03
      -3.912e+02      -2.204e-03
      -3.900e+02      -7.497e-03
      -3.888e+02      -3.615e-03
      -3.876e+02      -9.296e-03
      -3.864e+02      -1.163e-02
      -3.852e+02      -1.866e-04
      -3.840e+02      -5.455e-03
      -3.828e+02       6.122e-03
      -3.815e+02       4.959e-03
      -3.803e+02      -1.209e-02
      -3.791e+02      -6.390e-03
      -3.779e+02       2.791e-03
      -3.767e+02      -1.915e-02
      -3.755e+02      -1.097e-02
      -3.743e+02      -7.677e-03
      -3.731e+02      -6.534e-03
      -3.719e+02      -1.189e-02
      -3.707e+02      -6.172e-03
      -3.695e+02       4.046e-04
      -3.683e+02       9.429e-03
      -3.671e+02      -9.794e-04
      -3.658e+02      -1.112e-02
      -3.646e+02      -1.376e-02
      -3.634e+02      -2.767e-04
      -3.622e+02       5.401e-04
      -3.610e+02       1.965e-03
      -3.598e+02      -9.108e-03
      -3.586e+02      -4.317e-03
      -3.574e+02       4.571e-03
      -3.562e+02      -9.893e-03
      -3.550e+02      -1.328e-02
      -3.538e+02      -3.700e-03
      -3.526e+02      -6.180e-03
      -3.514e+02      -1.537e-02
      -3.501e+02       1.040e-02
      -3.489e+02      -5.730e-03
      -3.477e+02      -5.139e-03
      -3.465e+02       7.179e-03
      -3.453e+02      -1.224e-02
      -3.441e+02      -2.624e-03
      -3.429e+02       7.202e-03
      -3.417e+02      -1.468e-02
      -3.405e+02       4.134e-03
      -3.393e+02      -1.093e-02
      -3.381e+02       3.659e-03
      -3.369e+02      -5.896e-03
      -3.357e+02      -5.003e-03
      -3.344e+02       9.446e-03
      -3.332e+02      -1.773e-03
      -3.320e+02      -8.314e-03
      -3.308e+02      -2.288e-02
      -3.296e+02      -1.557e-02
      -3.284e+02      -2.746e-03
      -3.272e+02      -3.899e-03
      -3.260e+02      -1.533e-02
      -3.248e+02      -6.646e-04
      -3.236e+02       1.470e-05
      -3.224e+02       8.771e-03
      -3.212e+02      -5.907e-03
      -3.200e+02      -1.430e-02
      -3.187e+02      -7.009e-03
      -3.175e+02      -1.005e-02
      -3.163e+02       8.264e-03
      -3.151e+02       1.652e-02
      -3.139e+02      -1.015e-02
      -3.127e+02      -5.339e-03
      -3.115e+02      -1.239e-02
      -3.103e+02      -4.692e-04
      -3.091e+02       3.803e-04
      -3.079e+02      -7.010e-03
      -3.067e+02      -1.218e-02
      -3.055e+02       5.604e-04
      -3.042e+02      -2.170e-03
      -3.030e+02      -1.010e-02
      -3.018e+02      -1.279e-02
      -3.006e+02      -2.872e-03
      -2.994e+02       5.663e-03
      -2.982e+02      -2.299e-03
      -2.970e+02       5.099e-03
      -2.958e+02       9.752e-03
      -2.946e+02      -2.418e-03
      -2.934e+02       3.037e-03
      -2.922e+02      -1.129e-03
      -2.910e+02       8.260e-04
      -2.898e+02      -1.141e-02
      -2.885e+02      -1.554e-02
      -2.873e+02      -1.056e-03
      -2.861e+02       2.184e-03
      -2.849e+02       6.678e-03
      -2.837e+02      -7.489e-03
      -2.825e+02       3.781e-03
      -2.813e+02       1.202e-04
      -2.801e+02       1.703e-02
      -2.789e+02       6.525e-03
      -2.777e+02       6.642e-04
      -2.765e+02       1.191e-02
      -2.753e+02       1.376e-03
      -2.741e+02       1.019e-02
      -2.728e+02       7.282e-03
      -2.716e+02       9.983e-03
      -2.704e+02       2.106e-02
      -2.692e+02       2.452e-02
      -2.680e+02       1.641e-02
      -2.668e+02       2.267e-02
      -2.656e+02       8.625e-03
      -2.644e+02       2.723e-02
      -2.632e+02       9.271e-03
      -2.620e+02       5.220e-03
      -2.608e+02       6.213e-03
      -2.596e+02       1.816e-02
      -2.584e+02       5.514e-03
      -2.571e+02       1.337e-02
      -2.559e+02       1.509e-02
      -2.547e+02       5.285e-03
      -2.535e+02       1.432e-02
      -2.523e+02       2.063e-03
      -2.511e+02       3.465e-03
      -2.499e+02       1.337e-03
      -2.487e+02       1.520e-02
      -2.475e+02       9.290e-03
      -2.463e+02       1.096e-02
      -2.451e+02       8.421e-03
      -2.439e+02       9.148e-03
      -2.426e+02       8.024e-03
      -2.414e+02       3.145e-03
      -2.402e+02       1.196e-02
      -2.390e+02      -3.019e-03
      -2.378e+02       5.222e-03
      -2.366e+02       5.627e-03
      -2.354e+02      -1.138e-03
      -2.342e+02      -3.375e-03
      -2.330e+02       6.522e-04
      -2.318e+02      -5.488e-04
      -2.306e+02      -6.653e-04
      -2.294e+02       4.006e-03
      -2.282e+02      -6.020e-03
      -2.269e+02       3.573e-03
      -2.257e+02       8.796e-03
      -2.245e+02       1.311e-02
      -2.233e+02      -5.089e-03
      -2.221e+02       1.143e-02
      -2.209e+02       2.794e-03
      -2.197e+02       1.146e-02
      -2.185e+02       3.183e-03
      -2.173e+02      -1.489e-02
      -2.161e+02       8.252e-03
      -2.149e+02       6.746e-03
      -2.137e+02       1.663e-02
      -2.125e+02       3.123e-03
      -2.112e+02       1.330e-02
      -2.100e+02      -6.589e-03
      -2.088e+02       2.379e-03
      -2.076e+02       1.737e-03
      -2.064e+02       7.754e-03
      -2.052e+02       2.640e-03
      -2.040e+02       7.254e-03
      -2.028e+02       5.197e-03
      -2.016e+02       4.185e-03
      -2.004e+02       6.954e-03
      -1.992e+02       5.560e-03
      -1.980e+02      -8.395e-04
      -1.968e+02       8.067e-03
      -1.955e+02      -1.174e-02
      -1.943e+02       1.231e-03
      -1.931e+02       9.262e-03
      -1.919e+02       6.354e-03
      -1.907e+02       7.206e-03
      -1.895e+02       2.099e-02
      -1.883e+02      -1.234e-03
      -1.871e+02      -1.431e-03
      -1.859e+02      -1.140e-03
      -1.847e+02      -3.135e-03
      -1.835e+02      -6.738e-04
      -1.823e+02      -3.490e-03
      -1.810e+02       3.456e-03
      -1.798e+02       6.809e-03
      -1.786e+02       1.867e-03
      -1.774e+02      -7.242e-04
      -1.762e+02      -8.074e-03
      -1.750e+02       7.723e-03
      -1.738e+02      -4.228e-03
      -1.726e+02       9.089e-05
      -1.714e+02       2.606e-03
      -1.702e+02       9.107e-03
      -1.690e+02       1.532e-02
      -1.678e+02       1.565e-02
      -1.666e+02      -5.564e-03
      -1.653e+02       1.022e-02
      -1.641e+02       9.604e-05
      -1.629e+02       1.397e-03
      -1.617e+02       2.102e-05
      -1.605e+02       6.529e-03
      -1.593e+02      -4.767e-03
      -1.581e+02       4.864e-04
      -1.569e+02       1.299e-02
      -1.557e+02       1.280e-02
      -1.545e+02       1.792e-03
      -1.533e+02       1.112e-02
      -1.521e+02       4.758e-03
      -1.509e+02       6.368e-04
      -1.496e+02       1.032e-02
      -1.484e+02       1.084e-02
      -1.472e+02       1.123e-02
      -1.460e+02      -1.595e-02
      -1.448e+02      -2.739e-03
      -1.436e+02       7.103e-03
      -1.424e+02       3.042e-03
      -1.412e+02       1.843e-02
      -1.400e+02       8.150e-03
      -1.388e+02       4.593e-03
      -1.376e+02       1.058e-03
      -1.364e+02       4.028e-03
      -1.352e+02      -5.047e-03
      -1.339e+02       4.261e-03
      -1.327e+02      -9.484e-05
      -1.315e+02       6.960e-03
      -1.303e+02      -1.910e-03
      -1.291e+02      -4.706e-03
      -1.279e+02      -5.000e-04
      -1.267e+02      -8.444e-03
      -1.255e+02      -2.061e-03
      -1.243e+02       2.416e-02
      -1.231e+02       3.462e-03
      -1.219e+02       8.615e-04
      -1.207e+02      -1.778e-03
      -1.195e+02       3.782e-03
      -1.182e+02      -5.191e-03
      -1.170e+02       1.115e-02
      -1.158e+02      -6.371e-04
      -1.146e+02       7.716e-04
      -1.134e+02       9.331e-03
      -1.122e+02      -6.977e-03
      -1.110e+02       3.743e-03
      -1.098e+02       7.781e-04
      -1.086e+02       1.790e-03
      -1.074e+02       6.281e-03
      -1.062e+02      -2.603e-03
      -1.050e+02       1.632e-02
      -1.037e+02       2.223e-03
      -1.025e+02       4.838e-03
      -1.013e+02       8.465e-04
      -1.001e+02       7.529e-03
      -9.892e+01       2.761e-03
      -9.771e+01       1.599e-02
      -9.650e+01       2.224e-02
      -9.529e+01       2.165e-02
      -9.409e+01      -3.369e-03
      -9.288e+01       1.464e-02
      -9.167e+01       1.056e-02
      -9.046e+01       8.621e-03
      -8.925e+01       1.247e-02
      -8.805e+01       4.396e-03
      -8.684e+01       2.232e-02
      -8.563e+01       2.540e-03
      -8.442e+01       1.484e-02
      -8.322e+01       1.448e-02
      -8.201e+01       2.795e-03
      -8.080e+01       1.003e-02
      -7.959e+01       1.169e-02
      -7.838e+01       1.446e-02
      -7.718e+01       8.669e-03
      -7.597e+01       1.968e-02
      -7.476e+01       1.615e-02
      -7.355e+01       1.086e-02
      -7.235e+01       1.582e-02
      -7.114e+01       2.821e-02
      -6.993e+01       2.195e-02
      -6.872e+01       4.291e-02
      -6.751e+01       2.452e-02
      -6.631e+01       3.098e-02
      -6.510e+01       2.134e-02
      -6.389e+01       3.607e-02
      -6.268e+01       1.760e-02
      -6.147e+01       2.471e-02
      -6.027e+01       4.581e-02
      -5.906e+01       3.854e-02
      -5.785e+01       2.971e-02
      -5.664e+01       3.407e-02
      -5.544e+01       3.523e-02
      -5.423e+01       4.534e-02
      -5.302e+01       4.864e-02
      -5.181e+01       4.653e-02
      -5.060e+01       5.983e-02
      -4.940e+01       5.907e-02
      -4.819e+01       6.175e-02
      -4.698e+01       6.307e-02
      -4.577e+01       6.120e-02
      -4.457e+01       8.770e-02
      -4.336e+01       7.970e-02
      -4.215e+01       9.491e-02
      -4.094e+01       8.335e-02
      -3.973e+01       1.025e-01
      -3.853e+01       1.145e-01
      -3.732e+01       1.019e-01
      -3.611e+01       1.246e-01
      -3.490e+01       1.272e-01
      -3.369e+01       1.457e-01
      -3.249e+01       1.527e-01
      -3.128e+01       1.822e-01
      -3.007e+01       1.978e-01
      -2.886e+01       2.310e-01
      -2.766e+01       2.692e-01
      -2.645e+01       3.066e-01
      -2.524e+01       3.642e-01
      -2.403e+01       4.233e-01
      -2.282e+01       5.189e-01
      -2.162e+01       6.077e-01
      -2.041e+01       7.426e-01
      -1.920e+01       8.858e-01
      -1.799e+01       1.089e+00
      -1.679e+01       1.316e+00
      -1.558e+01       1.630e+00
      -1.437e+01       1.958e+00
      -1.316e+01       2.389e+00
      -1.195e+01       2.872e+00
      -1.075e+01       3.334e+00
      -9.538e+00       3.751e+00
      -8.330e+00       4.067e+00
      -7.123e+00       4.330e+00
      -5.915e+00       4.634e+00
      -4.707e+00       5.027e+00
      -3.499e+00       5.255e+00
      -2.291e+00       5.250e+00
      -1.083e+00       5.177e+00
       1.244e-01       5.065e+00
       1.332e+00       4.732e+00
       2.540e+00       4.214e+00
       3.748e+00       3.582e+00
       4.956e+00       2.884e+00
       6.164e+00       2.221e+00
       7.371e+00       1.675e+00
       8.579e+00       1.269e+00
       9.787e+00       9.623e-01
       1.099e+01       7.160e-01
       1.220e+01       5.379e-01
       1.341e+01       4.097e-01
       1.462e+01       3.013e-01
       1.583e+01       2.164e-01
       1.703e+01       1.694e-01
       1.824e+01       1.189e-01
       1.945e+01       7.768e-02
       2.066e+01       5.626e-02
       2.187e+01       4.034e-02
       2.307e+01       2.117e-02
       2.428e+01       1.361e-02
       2.549e+01       2.800e-02
       2.670e+01      -2.185e-04
       2.790e+01       1.887e-03
       2.911e+01      -2.732e-03
       3.032e+01      -9.843e-03
       3.153e+01      -2.760e-03
       3.274e+01      -4.935e-03
       3.394e+01       2.403e-03
       3.515e+01       8.831e-03
       3.636e+01      -1.804e-04
       3.757e+01       9.733e-03
       3.877e+01      -1.246e-02
       3.998e+01      -3.868e-03
       4.119e+01      -1.576e-02
       4.240e+01      -4.178e-03
       4.361e+01      -3.048e-03
       4.481e+01      -1.314e-02
       4.602e+01       4.135e-03
       4.723e+01       2.323e-03
       4.844e+01      -1.329e-02
       4.965e+01       1.311e-02
       5.085e+01      -1.251e-03
       5.206e+01       7.173e-03
       5.327e+01       5.309e-04
       5.448e+01       8.164e-03
       5.568e+01      -1.575e-02
       5.689e+01       2.022e-02
       5.810e+01      -1.314e-02
       5.931e+01      -1.735e-02
       6.052e+01      -9.703e-03
       6.172e+01      -1.918e-02
       6.293e+01      -1.855e-02
       6.414e+01      -9.243e-03
       6.535e+01       6.585e-03
       6.656e+01      -1.851e-02
       6.776e+01      -1.275e-03
       6.897e+01      -1.463e-02
       7.018e+01      -3.513e-03
       7.139e+01      -1.197e-02
       7.259e+01      -9.834e-03
       7.380e+01      -2.694e-02
       7.501e+01      -6.588e-03
       7.622e+01      -2.680e-03
       7.743e+01      -2.181e-03
       7.863e+01      -2.975e-03
       7.984e+01       1.997e-03
       8.105e+01      -6.053e-03
       8.226e+01       7.975e-03
       8.346e+01       1.100e-02
       8.467e+01       4.777e-04
       8.588e+01      -9.621e-03
       8.709e+01      -6.604e-03
       8.830e+01      -3.537e-03
       8.950e+01      -9.193e-03
       9.071e+01      -8.272e-03
       9.192e+01       6.485e-04
       9.313e+01      -1.478e-04
       9.434e+01      -9.425e-03
       9.554e+01      -2.669e-03
       9.675e+01      -7.496e-03
       9.796e+01      -9.552e-03
       9.917e+01      -7.211e-03
       1.004e+02      -9.569e-03
       1.016e+02       2.902e-03
       1.028e+02      -5.375e-03
       1.040e+02       9.255e-03
       1.052e+02      -7.703e-03
       1.064e+02      -1.345e-02
       1.076e+02       2.236e-03
       1.088e+02      -5.059e-03
       1.100e+02      -1.080e-02
       1.112e+02      -1.201e-02
       1.125e+02      -1.811e-03
       1.137e+02      -7.039e-03
       1.149e+02      -9.605e-03
       1.161e+02      -4.317e-04
       1.173e+02      -1.654e-02
       1.185e+02      -3.589e-03
       1.197e+02      -7.749e-03
       1.209e+02      -8.220e-04
       1.221e+02       1.106e-03
       1.233e+02      -9.493e-03
       1.245e+02       2.361e-03
       1.257e+02      -1.398e-02
       1.269e+02      -9.814e-03
       1.282e+02      -3.796e-03
       1.294e+02      -1.493e-02
       1.306e+02       3.105e-03
       1.318e+02       2.068e-03
       1.330e+02      -2.400e-03
       1.342e+02      -1.110e-02
       1.354e+02      -2.254e-03
       1.366e+02       5.698e-03
       1.378e+02       6.579e-03
       1.390e+02       1.144e-02
       1.402e+02       1.779e-02
       1.414e+02       5.801e-04
       1.426e+02       8.614e-04
       1.439e+02       7.705e-03
       1.451e+02      -8.126e-05
       1.463e+02      -9.559e-03
       1.475e+02      -9.695e-03
       1.487e+02      -1.631e-02
       1.499e+02      -9.007e-03
       1.511e+02      -1.092e-02
       1.523e+02       6.360e-03
       1.535e+02       4.674e-03
       1.547e+02      -2.044e-02
       1.559e+02      -1.217e-02
       1.571e+02       1.101e-02
       1.584e+02       3.798e-03
       1.596e+02       1.253e-02
       1.608e+02      -1.059e-02
       1.620e+02       3.844e-03
       1.632e+02       4.224e-03
       1.644e+02       5.798e-03
       1.656e+02      -1.032e-03
       1.668e+02      -9.629e-04
       1.680e+02       5.070e-03
       1.692e+02       3.011e-03
       1.704e+02       4.655e-03
       1.716e+02      -1.165e-02
       1.728e+02       4.748e-03
       1.741e+02      -5.395e-03
       1.753e+02       9.199e-04
       1.765e+02      -3.852e-03
       1.777e+02       4.187e-04
       1.789e+02       8.128e-03
       1.801e+02       4.441e-03
       1.813e+02       4.545e-03
       1.825e+02      -1.130e-02
       1.837e+02      -1.257e-02
       1.849e+02      -3.449e-03
       1.861e+02       4.386e-03
       1.873e+02      -3.531e-03
       1.885e+02      -2.543e-03
       1.898e+02      -2.892e-03
       1.910e+02       7.825e-03
       1.922e+02       5.139e-04
       1.934e+02       9.206e-03
       1.946e+02       7.445e-04
       1.958e+02       4.654e-03
       1.970e+02      -1.050e-02
       1.982e+02       6.301e-04
       1.994e+02       4.027e-04
       2.006e+02       1.201e-02
       2.018e+02       6.662e-03
       2.030e+02       4.951e-03
       2.042e+02      -9.211e-03
       2.055e+02       3.117e-03
       2.067e+02       1.462e-02
       2.079e+02       2.106e-03
       2.091e+02      -6.284e-03
       2.103e+02       8.243e-03
       2.115e+02       7.085e-03
       2.127e+02      -6.309e-03
       2.139e+02       1.731e-02
       2.151e+02       1.792e-02
       2.163e+02      -4.026e-03
       2.175e+02       3.468e-03
       2.187e+02       1.287e-03
       2.199e+02      -7.241e-03
       2.212e+02      -2.258e-03
       2.224e+02       2.316e-04
       2.236e+02       1.195e-02
       2.248e+02      -1.269e-02
       2.260e+02       5.803e-03
       2.272e+02      -7.192e-03
       2.284e+02       8.046e-03
       2.296e+02       1.817e-02
       2.308e+02       3.135e-03
       2.320e+02      -1.104e-04
       2.332e+02       3.173e-03
       2.344e+02      -8.047e-03
       2.357e+02       4.196e-03
       2.369e+02      -2.516e-04
       2.381e+02       9.867e-03
       2.393e+02      -3.502e-03
       2.405e+02       1.412e-03
       2.417e+02       1.835e-02
       2.429e+02      -6.059e-04
       2.441e+02       2.899e-04
       2.453e+02       1.757e-03
       2.465e+02       1.488e-02
       2.477e+02       5.156e-03
       2.489e+02       1.466e-02
       2.501e+02       3.183e-03
       2.514e+02       9.587e-03
       2.526e+02       9.376e-03
       2.538e+02       1.349e-02
       2.550e+02      -6.731e-03
       2.562e+02       1.415e-03
       2.574e+02      -1.076e-02
       2.586e+02       4.298e-04
       2.598e+02       5.970e-03
       2.610e+02      -6.706e-03
       2.622e+02      -8.506e-03
       2.634e+02       3.455e-03
       2.646e+02       1.900e-02
       2.658e+02       7.355e-03
       2.671e+02       7.054e-03
       2.683e+02       1.960e-02
       2.695e+02       5.656e-03
       2.707e+02      -1.857e-03
       2.719e+02      -1.017e-02
       2.731e+02      -6.682e-03
       2.743e+02       8.933e-06
       2.755e+02       8.529e-03
       2.767e+02       5.653e-03
       2.779e+02       8.237e-04
       2.791e+02      -1.076e-02
       2.803e+02      -1.354e-02
       2.815e+02       4.976e-03
       2.828e+02       1.598e-03
       2.840e+02       8.239e-03
       2.852e+02       9.980e-03
       2.864e+02       2.495e-03
       2.876e+02      -1.489e-03
       2.888e+02      -1.772e-03
       2.900e+02      -6.895e-03
       2.912e+02      -2.311e-02
       2.924e+02       4.001e-03
       2.936e+02      -3.164e-03
       2.948e+02      -7.456e-03
       2.960e+02      -6.215e-04
       2.973e+02       4.334e-03
       2.985e+02      -1.238e-02
       2.997e+02       2.076e-03
       3.009e+02      -2.810e-03
       3.021e+02      -2.441e-03
       3.033e+02       3.384e-03
       3.045e+02      -5.434e-03
       3.057e+02      -1.191e-02
       3.069e+02      -3.558e-03
       3.081e+02      -6.814e-04
       3.093e+02      -5.310e-03
       3.105e+02       9.374e-03
       3.117e+02      -8.261e-04
       3.130e+02      -4.908e-03
       3.142e+02      -1.740e-02
       3.154e+02       3.975e-03
       3.166e+02      -1.717e-03
       3.178e+02      -6.809e-03
       3.190e+02       7.219e-03
       3.202e+02      -9.040e-03
       3.214e+02      -3.259e-03
       3.226e+02      -1.527e-03
       3.238e+02      -7.540e-04
       3.250e+02       3.397e-03
       3.262e+02       4.180e-03
       3.274e+02       7.880e-03
       3.287e+02      -1.720e-04
       3.299e+02       4.590e-03
       3.311e+02      -1.959e-02
       3.323e+02       7.603e-04
       3.335e+02      -2.694e-03
       3.347e+02       3.854e-03
       3.359e+02       7.379e-04
       3.371e+02       1.499e-02
       3.383e+02       8.212e-03
       3.395e+02      -2.890e-03
       3.407e+02      -9.184e-04
       3.419e+02      -9.700e-04
       3.431e+02       8.006e-03
       3.444e+02      -7.663e-04
       3.456e+02       5.775e-03
       3.468e+02      -3.349e-03
       3.480e+02      -8.118e-03
       3.492e+02       3.246e-03
       3.504e+02       2.161e-03
       3.516e+02       1.085e-02
       3.528e+02       1.319e-03
       3.540e+02      -1.565e-02
       3.552e+02       3.959e-03
       3.564e+02      -5.569e-03
       3.576e+02      -8.780e-03
       3.588e+02       1.445e-02
       3.601e+02       8.507e-04
       3.613e+02      -8.615e-03
       3.625e+02       1.196e-02
       3.637e+02       1.198e-02
       3.649e+02       5.279e-03
       3.661e+02       5.315e-03
       3.673e+02       5.410e-03
       3.685e+02      -9.936e-03
       3.697e+02      -2.960e-04
       3.709e+02      -9.230e-03
       3.721e+02      -3.538e-03
       3.733e+02       5.649e-03
       3.746e+02      -7.021e-03
       3.758e+02      -1.361e-02
       3.770e+02      -1.462e-02
       3.782e+02      -2.496e-03
       3.794e+02       1.312e-02
       3.806e+02       1.908e-03
       3.818e+02      -6.466e-03
       3.830e+02       2.068e-02
       3.842e+02       5.118e-03
       3.854e+02      -2.384e-03
       3.866e+02      -7.180e-03
       3.878e+02       5.286e-04
       3.890e+02      -6.101e-03
       3.903e+02       1.809e-02
       3.915e+02       2.579e-02
       3.927e+02       6.386e-03
       3.939e+02      -3.191e-03
       3.951e+02      -2.544e-02
       3.963e+02      -3.712e-02
       3.975e+02      -4.932e-02
       3.987e+02      -1.140e-01
       3.999e+02      -8.864e-02
       4.011e+02      -1.317e-01
       4.023e+02      -4.475e-02
       4.035e+02      -8.364e-03
       4.047e+02      -9.859e-03
       4.060e+02       3.599e-03
       4.072e+02       1.133e-02
       4.084e+02       9.955e-03
       4.096e+02       5.737e-03
       4.108e+02      -8.021e-03
       4.120e+02      -1.743e-04
       4.132e+02      -1.646e-03
       4.144e+02      -1.402e-02
       4.156e+02      -1.366e-03
       4.168e+02      -1.478e-03
       4.180e+02      -2.008e-03
       4.192e+02       6.786e-03
       4.204e+02      -4.563e-03
       4.217e+02       1.878e-03
       4.229e+02      -7.036e-03
       4.241e+02      -8.485e-03
       4.253e+02       6.750e-03
       4.265e+02       6.403e-03
       4.277e+02       1.224e-02
       4.289e+02      -6.590e-03
       4.301e+02       1.842e-02
       4.313e+02       1.687e-03
       4.325e+02       1.194e-02
       4.337e+02      -1.241e-02
       4.349e+02       4.766e-03
       4.362e+02       8.849e-03
       4.374e+02       3.503e-03
       4.386e+02      -1.356e-03
       4.398e+02       7.222e-04
       4.410e+02      -1.058e-02
       4.422e+02      -6.601e-03
       4.434e+02       9.320e-03
       4.446e+02       5.209e-03
       4.458e+02      -1.570e-02
       4.470e+02       2.967e-03
       4.482e+02      -1.799e-03
       4.494e+02       1.510e-02
       4.506e+02      -3.349e-04
       4.519e+02      -1.865e-03
       4.531e+02      -1.545e-02
       4.543e+02       6.041e-03
       4.555e+02       1.581e-03
       4.567e+02      -4.473e-04
       4.579e+02      -3.036e-03
       4.591e+02      -2.383e-05
       4.603e+02       6.516e-03
       4.615e+02      -1.059e-02
       4.627e+02       4.930e-03
       4.639e+02      -5.514e-03
       4.651e+02       5.398e-03
       4.663e+02      -5.400e-03
       4.676e+02      -8.714e-03
       4.688e+02      -3.583e-03
       4.700e+02      -8.279e-03
       4.712e+02      -1.215e-02
       4.724e+02       2.894e-03
       4.736e+02      -1.977e-03
       4.748e+02      -6.732e-03
       4.760e+02       9.168e-03
       4.772e+02       2.321e-05
       4.784e+02      -7.203e-03
       4.796e+02      -2.741e-03
       4.808e+02      -5.322e-03
       4.820e+02      -1.995e-03
       4.833e+02       8.260e-03
       4.845e+02      -2.080e-02
       4.857e+02       3.153e-03
       4.869e+02      -6.089e-03
       4.881e+02       1.108e-02
       4.893e+02      -2.199e-03
       4.905e+02       2.677e-03
       4.917e+02      -6.093e-03
       4.929e+02      -4.746e-04
       4.941e+02      -1.173e-02
       4.953e+02       1.327e-02
       4.965e+02      -2.611e-03
       4.977e+02       7.718e-03
       4.990e+02       2.428e-03
       5.002e+02       1.192e-02
       5.014e+02       1.068e-02
       5.026e+02       1.004e-02
       5.038e+02       2.298e-02
       5.050e+02       1.296e-02
       5.062e+02       4.063e-03
       5.074e+02      -1.393e-02
       5.086e+02       4.632e-03
       5.098e+02      -2.555e-03
       5.110e+02      -5.003e-03
       5.122e+02       7.138e-03
       5.135e+02      -1.110e-03
       5.147e+02      -4.865e-04
       5.159e+02       1.314e-02
       5.171e+02       8.331e-04
       5.183e+02      -6.318e-04
       5.195e+02       1.293e-02
       5.207e+02       2.214e-03
       5.219e+02       1.252e-03
       5.231e+02       7.030e-03
       5.243e+02      -6.291e-03
       5.255e+02      -7.993e-03
       5.267e+02       7.212e-03
       5.279e+02      -2.517e-03
       5.292e+02       1.652e-03
       5.304e+02       1.183e-02
       5.316e+02       1.084e-02
       5.328e+02       1.552e-03
       5.340e+02       6.870e-04
       5.352e+02       1.371e-02
       5.364e+02       6.350e-03
       5.376e+02      -8.279e-03
       5.388e+02       7.062e-03
       5.400e+02       1.046e-02
       5.412e+02      -1.118e-03
       5.424e+02      -2.647e-03
       5.436e+02       1.214e-02
       5.449e+02       8.379e-03
       5.461e+02       4.311e-03
       5.473e+02       2.392e-03
       5.485e+02      -2.676e-03
       5.497e+02      -2.711e-03
       5.509e+02      -5.519e-03
       5.521e+02       1.280e-02
       5.533e+02       5.852e-03
       5.545e+02      -2.713e-03
       5.557e+02       3.681e-03
       5.569e+02       2.207e-02
       5.581e+02       4.076e-03
       5.593e+02       8.012e-03
       5.606e+02       9.695e-03
       5.618e+02       1.731e-02
       5.630e+02      -5.948e-03
       5.642e+02       4.795e-03
       5.654e+02       4.683e-03
       5.666e+02       2.160e-03
       5.678e+02      -3.144e-03
       5.690e+02      -1.621e-03
       5.702e+02      -7.413e-03
       5.714e+02      -7.950e-03
       5.726e+02       1.297e-02
       5.738e+02      -7.708e-03
       5.751e+02       1.262e-02
       5.763e+02       1.435e-02
       5.775e+02       1.232e-02
       5.787e+02       2.918e-03
       5.799e+02       1.183e-02
       5.811e+02      -7.623e-03
       5.823e+02       9.911e-03
       5.835e+02       2.751e-03
       5.847e+02       1.602e-02
       5.859e+02      -5.979e-03
       5.871e+02       6.911e-03
       5.883e+02       1.712e-02
       5.895e+02       5.395e-03
       5.908e+02      -7.536e-03
       5.920e+02      -1.881e-03
       5.932e+02       1.174e-02
       5.944e+02       5.108e-03
       5.956e+02       1.020e-02
       5.968e+02       2.938e-03
       5.980e+02      -5.294e-04
       5.992e+02       1.998e-03
       6.004e+02      -4.584e-03
       6.016e+02       3.100e-03
       6.028e+02       1.474e-02
       6.040e+02       1.619e-02
       6.052e+02       4.150e-03
       6.065e+02       9.320e-03
       6.077e+02       7.826e-03
       6.089e+02       1.344e-02
       6.101e+02       5.609e-03
       6.113e+02       1.121e-03
       6.125e+02       7.507e-03
       6.137e+02      -5.416e-03
       6.149e+02      -3.700e-03
       6.161e+02       1.026e-02
       6.173e+02       9.953e-05
       6.185e+02       1.022e-02
       6.197e+02      -1.747e-03
       6.209e+02       7.195e-03
       6.222e+02       1.527e-02
       6.234e+02       2.237e-02
       6.246e+02       5.098e-03
       6.258e+02       2.293e-03
       6.270e+02       2.074e-02
       6.282e+02       1.034e-02
       6.294e+02       1.813e-02
       6.306e+02       1.127e-02
       6.318e+02       1.387e-02