      26  PHL2525pm3 STCOR 0   PHL2525_cleanbaseavg.fits
GALACTIC
coordinates (deg)    8.228360e+01 -7.181690e+01
VLSR          Ta*
      -5.905e+02       1.667e-02
      -5.893e+02      -3.131e-03
      -5.881e+02       4.658e-04
      -5.869e+02      -2.546e-04
      -5.857e+02       2.762e-02
      -5.845e+02       2.932e-02
      -5.833e+02       1.184e-02
      -5.820e+02       1.305e-02
      -5.808e+02       2.316e-02
      -5.796e+02       2.885e-02
      -5.784e+02       2.735e-02
      -5.772e+02      -2.108e-03
      -5.760e+02       2.481e-02
      -5.748e+02       2.263e-02
      -5.736e+02       4.884e-02
      -5.724e+02       1.253e-02
      -5.712e+02       1.097e-02
      -5.700e+02      -1.812e-03
      -5.688e+02       3.037e-02
      -5.676e+02       6.907e-03
      -5.663e+02       1.357e-02
      -5.651e+02       2.727e-02
      -5.639e+02      -2.237e-02
      -5.627e+02      -4.076e-03
      -5.615e+02       1.024e-02
      -5.603e+02       2.165e-02
      -5.591e+02       2.302e-02
      -5.579e+02      -1.441e-03
      -5.567e+02      -2.998e-03
      -5.555e+02       7.576e-03
      -5.543e+02       2.029e-02
      -5.531e+02      -3.096e-02
      -5.519e+02      -4.522e-02
      -5.506e+02       1.017e-02
      -5.494e+02      -4.860e-03
      -5.482e+02      -1.970e-02
      -5.470e+02      -4.235e-03
      -5.458e+02       1.220e-02
      -5.446e+02      -7.093e-03
      -5.434e+02      -2.113e-02
      -5.422e+02      -1.705e-02
      -5.410e+02      -1.446e-02
      -5.398e+02      -2.061e-02
      -5.386e+02      -1.492e-02
      -5.374e+02       5.087e-03
      -5.362e+02      -2.434e-02
      -5.349e+02       8.281e-03
      -5.337e+02       4.656e-03
      -5.325e+02      -1.787e-02
      -5.313e+02       1.736e-02
      -5.301e+02      -1.601e-02
      -5.289e+02      -1.194e-02
      -5.277e+02      -6.057e-03
      -5.265e+02      -8.262e-03
      -5.253e+02       2.840e-02
      -5.241e+02      -2.029e-02
      -5.229e+02      -1.290e-02
      -5.217e+02      -1.161e-02
      -5.205e+02      -1.423e-02
      -5.192e+02      -1.389e-02
      -5.180e+02       9.214e-03
      -5.168e+02      -1.366e-02
      -5.156e+02       7.270e-03
      -5.144e+02      -1.839e-02
      -5.132e+02      -3.683e-03
      -5.120e+02      -2.112e-02
      -5.108e+02      -1.481e-02
      -5.096e+02       9.288e-03
      -5.084e+02      -3.154e-02
      -5.072e+02      -8.393e-03
      -5.060e+02      -6.149e-03
      -5.047e+02       1.253e-02
      -5.035e+02      -3.652e-02
      -5.023e+02       2.504e-03
      -5.011e+02       1.774e-02
      -4.999e+02      -1.996e-03
      -4.987e+02       2.966e-03
      -4.975e+02       1.281e-02
      -4.963e+02      -1.563e-02
      -4.951e+02      -3.103e-03
      -4.939e+02       1.117e-02
      -4.927e+02      -1.229e-02
      -4.915e+02       1.834e-03
      -4.903e+02       9.400e-03
      -4.890e+02       1.861e-02
      -4.878e+02       6.364e-03
      -4.866e+02      -1.441e-02
      -4.854e+02      -1.030e-02
      -4.842e+02       7.292e-04
      -4.830e+02       7.286e-04
      -4.818e+02      -3.163e-02
      -4.806e+02       1.609e-02
      -4.794e+02      -8.931e-03
      -4.782e+02      -1.039e-02
      -4.770e+02       8.961e-03
      -4.758e+02      -3.675e-03
      -4.746e+02      -2.617e-02
      -4.733e+02      -1.871e-03
      -4.721e+02       9.802e-03
      -4.709e+02       2.756e-03
      -4.697e+02      -1.120e-02
      -4.685e+02       1.272e-02
      -4.673e+02      -4.602e-03
      -4.661e+02       2.025e-02
      -4.649e+02       8.323e-03
      -4.637e+02       1.083e-02
      -4.625e+02      -1.184e-02
      -4.613e+02       1.009e-02
      -4.601e+02       1.466e-02
      -4.589e+02      -1.524e-02
      -4.576e+02      -2.791e-02
      -4.564e+02       2.744e-02
      -4.552e+02       9.868e-03
      -4.540e+02       1.976e-02
      -4.528e+02      -3.636e-03
      -4.516e+02      -6.789e-03
      -4.504e+02       1.994e-02
      -4.492e+02      -1.846e-02
      -4.480e+02      -7.643e-04
      -4.468e+02       1.239e-02
      -4.456e+02       4.571e-03
      -4.444e+02       1.835e-02
      -4.431e+02      -1.233e-02
      -4.419e+02      -3.030e-02
      -4.407e+02       6.445e-04
      -4.395e+02       1.321e-02
      -4.383e+02      -8.026e-03
      -4.371e+02       1.238e-03
      -4.359e+02      -1.285e-02
      -4.347e+02       8.136e-03
      -4.335e+02       1.668e-02
      -4.323e+02       1.260e-03
      -4.311e+02       1.395e-02
      -4.299e+02       1.294e-02
      -4.287e+02       1.972e-03
      -4.274e+02      -6.049e-03
      -4.262e+02       1.812e-02
      -4.250e+02      -1.142e-02
      -4.238e+02       1.589e-02
      -4.226e+02       3.786e-04
      -4.214e+02       1.371e-02
      -4.202e+02      -4.298e-03
      -4.190e+02      -5.801e-03
      -4.178e+02       1.145e-02
      -4.166e+02      -2.124e-02
      -4.154e+02       6.142e-03
      -4.142e+02      -1.814e-02
      -4.130e+02       1.357e-02
      -4.117e+02       2.851e-03
      -4.105e+02      -9.418e-03
      -4.093e+02      -2.691e-02
      -4.081e+02      -1.800e-02
      -4.069e+02       1.226e-02
      -4.057e+02       1.523e-02
      -4.045e+02      -1.473e-02
      -4.033e+02      -1.481e-02
      -4.021e+02       2.067e-02
      -4.009e+02       2.517e-02
      -3.997e+02       8.153e-03
      -3.985e+02       6.156e-03
      -3.973e+02       1.165e-02
      -3.960e+02      -2.588e-02
      -3.948e+02       2.142e-02
      -3.936e+02       1.806e-03
      -3.924e+02      -1.057e-02
      -3.912e+02       1.523e-03
      -3.900e+02       9.338e-03
      -3.888e+02      -1.600e-02
      -3.876e+02       1.017e-02
      -3.864e+02      -3.710e-02
      -3.852e+02       2.259e-02
      -3.840e+02       1.113e-02
      -3.828e+02       3.976e-03
      -3.815e+02      -7.986e-04
      -3.803e+02      -1.119e-02
      -3.791e+02       7.421e-03
      -3.779e+02      -2.335e-02
      -3.767e+02       1.616e-02
      -3.755e+02      -1.618e-02
      -3.743e+02       2.521e-04
      -3.731e+02      -7.159e-03
      -3.719e+02      -8.237e-03
      -3.707e+02      -1.517e-02
      -3.695e+02      -1.750e-02
      -3.683e+02       1.798e-02
      -3.671e+02      -1.071e-02
      -3.658e+02       2.531e-02
      -3.646e+02       2.192e-02
      -3.634e+02       1.758e-02
      -3.622e+02      -1.879e-02
      -3.610e+02      -9.902e-03
      -3.598e+02       4.718e-03
      -3.586e+02      -1.269e-02
      -3.574e+02      -3.879e-03
      -3.562e+02      -3.572e-02
      -3.550e+02      -3.531e-02
      -3.538e+02       1.250e-03
      -3.526e+02      -3.121e-03
      -3.514e+02       2.644e-03
      -3.501e+02       4.375e-03
      -3.489e+02      -3.703e-02
      -3.477e+02      -1.337e-02
      -3.465e+02       8.440e-03
      -3.453e+02      -1.301e-03
      -3.441e+02       1.011e-02
      -3.429e+02       1.181e-02
      -3.417e+02      -3.809e-04
      -3.405e+02       1.660e-02
      -3.393e+02      -3.594e-02
      -3.381e+02      -3.054e-03
      -3.369e+02      -2.502e-02
      -3.357e+02      -8.594e-03
      -3.344e+02       8.488e-03
      -3.332e+02       9.971e-03
      -3.320e+02       5.600e-03
      -3.308e+02       2.890e-02
      -3.296e+02      -3.066e-03
      -3.284e+02      -4.068e-02
      -3.272e+02       1.431e-02
      -3.260e+02      -3.047e-03
      -3.248e+02       1.254e-02
      -3.236e+02       7.943e-04
      -3.224e+02      -1.758e-03
      -3.212e+02       1.627e-02
      -3.200e+02       1.373e-02
      -3.187e+02       2.802e-03
      -3.175e+02       1.421e-02
      -3.163e+02       1.595e-02
      -3.151e+02      -1.786e-02
      -3.139e+02       4.902e-04
      -3.127e+02      -1.963e-02
      -3.115e+02      -2.020e-02
      -3.103e+02      -4.017e-03
      -3.091e+02      -1.208e-03
      -3.079e+02       1.465e-02
      -3.067e+02       3.424e-02
      -3.055e+02      -5.052e-03
      -3.042e+02      -6.987e-03
      -3.030e+02       1.499e-03
      -3.018e+02      -1.992e-02
      -3.006e+02      -1.426e-03
      -2.994e+02      -4.848e-03
      -2.982e+02      -5.874e-03
      -2.970e+02      -1.612e-02
      -2.958e+02       7.188e-03
      -2.946e+02      -2.428e-02
      -2.934e+02       9.451e-03
      -2.922e+02       1.437e-02
      -2.910e+02      -1.235e-03
      -2.898e+02       4.470e-03
      -2.885e+02       5.376e-05
      -2.873e+02       7.507e-03
      -2.861e+02       3.059e-02
      -2.849e+02       3.419e-02
      -2.837e+02       4.444e-02
      -2.825e+02       3.561e-03
      -2.813e+02       1.787e-02
      -2.801e+02       1.727e-02
      -2.789e+02       2.571e-02
      -2.777e+02       3.837e-02
      -2.765e+02       3.928e-02
      -2.753e+02       6.500e-02
      -2.741e+02       4.541e-02
      -2.728e+02       6.778e-02
      -2.716e+02       8.984e-02
      -2.704e+02       8.744e-02
      -2.692e+02       1.011e-01
      -2.680e+02       1.341e-01
      -2.668e+02       1.211e-01
      -2.656e+02       1.129e-01
      -2.644e+02       1.632e-01
      -2.632e+02       1.560e-01
      -2.620e+02       1.129e-01
      -2.608e+02       1.518e-01
      -2.596e+02       1.694e-01
      -2.584e+02       1.756e-01
      -2.571e+02       1.491e-01
      -2.559e+02       1.772e-01
      -2.547e+02       1.373e-01
      -2.535e+02       1.387e-01
      -2.523e+02       1.327e-01
      -2.511e+02       1.655e-01
      -2.499e+02       1.402e-01
      -2.487e+02       1.066e-01
      -2.475e+02       7.492e-02
      -2.463e+02       9.556e-02
      -2.451e+02       7.432e-02
      -2.439e+02       9.689e-02
      -2.426e+02       5.807e-02
      -2.414e+02       3.859e-02
      -2.402e+02       1.590e-02
      -2.390e+02       5.123e-02
      -2.378e+02       2.555e-02
      -2.366e+02       5.023e-02
      -2.354e+02       1.407e-02
      -2.342e+02       1.156e-02
      -2.330e+02       2.109e-03
      -2.318e+02       3.322e-02
      -2.306e+02       2.327e-02
      -2.294e+02       2.811e-02
      -2.282e+02       5.316e-03
      -2.269e+02       1.621e-02
      -2.257e+02      -2.796e-03
      -2.245e+02       1.704e-02
      -2.233e+02       1.062e-02
      -2.221e+02      -8.669e-03
      -2.209e+02       1.151e-02
      -2.197e+02       1.247e-02
      -2.185e+02       4.997e-02
      -2.173e+02       1.961e-02
      -2.161e+02       1.534e-02
      -2.149e+02      -8.105e-03
      -2.137e+02       1.487e-02
      -2.125e+02      -8.786e-03
      -2.112e+02      -1.276e-02
      -2.100e+02      -1.103e-02
      -2.088e+02      -9.714e-04
      -2.076e+02       9.608e-03
      -2.064e+02      -2.518e-03
      -2.052e+02      -1.049e-02
      -2.040e+02       1.105e-02
      -2.028e+02       3.089e-02
      -2.016e+02       4.016e-02
      -2.004e+02       8.601e-03
      -1.992e+02       1.354e-02
      -1.980e+02       1.245e-02
      -1.968e+02       5.185e-03
      -1.955e+02      -7.506e-03
      -1.943e+02       2.301e-02
      -1.931e+02      -2.405e-02
      -1.919e+02       1.188e-02
      -1.907e+02       3.954e-02
      -1.895e+02      -1.745e-02
      -1.883e+02       1.740e-02
      -1.871e+02       1.959e-02
      -1.859e+02       1.875e-02
      -1.847e+02       4.561e-03
      -1.835e+02       1.991e-02
      -1.823e+02       1.130e-02
      -1.810e+02       7.887e-03
      -1.798e+02       2.096e-02
      -1.786e+02       8.292e-03
      -1.774e+02      -1.633e-02
      -1.762e+02      -4.904e-03
      -1.750e+02       5.088e-03
      -1.738e+02      -2.687e-02
      -1.726e+02       3.055e-02
      -1.714e+02      -1.649e-02
      -1.702e+02      -5.245e-03
      -1.690e+02       5.912e-03
      -1.678e+02      -4.593e-03
      -1.666e+02      -2.004e-02
      -1.653e+02      -6.949e-03
      -1.641e+02       2.825e-03
      -1.629e+02      -1.764e-02
      -1.617e+02       2.506e-02
      -1.605e+02       3.199e-02
      -1.593e+02       4.894e-03
      -1.581e+02      -1.079e-02
      -1.569e+02       3.667e-03
      -1.557e+02      -7.133e-03
      -1.545e+02      -4.896e-03
      -1.533e+02      -1.293e-02
      -1.521e+02       1.892e-02
      -1.509e+02      -4.208e-02
      -1.496e+02       1.816e-02
      -1.484e+02      -1.486e-04
      -1.472e+02      -1.731e-02
      -1.460e+02      -2.935e-03
      -1.448e+02       2.089e-02
      -1.436e+02       1.682e-02
      -1.424e+02      -3.974e-03
      -1.412e+02      -2.458e-02
      -1.400e+02      -2.456e-03
      -1.388e+02       2.761e-02
      -1.376e+02      -5.960e-03
      -1.364e+02      -2.146e-03
      -1.352e+02       7.756e-03
      -1.339e+02       9.489e-03
      -1.327e+02       9.752e-03
      -1.315e+02       1.331e-02
      -1.303e+02      -1.489e-02
      -1.291e+02       2.444e-02
      -1.279e+02       6.097e-03
      -1.267e+02       3.891e-02
      -1.255e+02      -1.951e-02
      -1.243e+02       9.231e-03
      -1.231e+02       1.054e-02
      -1.219e+02      -9.558e-03
      -1.207e+02       2.452e-02
      -1.195e+02      -1.111e-02
      -1.182e+02      -2.002e-02
      -1.170e+02       2.807e-02
      -1.158e+02      -1.161e-02
      -1.146e+02      -3.115e-03
      -1.134e+02      -1.064e-02
      -1.122e+02       1.252e-02
      -1.110e+02      -1.618e-02
      -1.098e+02       5.379e-03
      -1.086e+02       1.726e-02
      -1.074e+02       7.058e-03
      -1.062e+02       1.768e-02
      -1.050e+02      -1.355e-02
      -1.037e+02       1.087e-02
      -1.025e+02       2.443e-02
      -1.013e+02       7.532e-03
      -1.001e+02      -1.951e-02
      -9.892e+01      -1.723e-02
      -9.771e+01      -1.906e-03
      -9.650e+01      -2.876e-02
      -9.529e+01      -1.488e-03
      -9.409e+01       1.951e-02
      -9.288e+01      -1.557e-02
      -9.167e+01      -2.888e-02
      -9.046e+01      -4.111e-04
      -8.925e+01       4.755e-03
      -8.805e+01       1.413e-02
      -8.684e+01       2.093e-02
      -8.563e+01       2.812e-02
      -8.442e+01       1.395e-02
      -8.322e+01       2.965e-02
      -8.201e+01       1.348e-02
      -8.080e+01      -1.784e-03
      -7.959e+01      -5.616e-03
      -7.838e+01       5.085e-02
      -7.718e+01       3.143e-02
      -7.597e+01       3.764e-02
      -7.476e+01       2.245e-02
      -7.355e+01       2.782e-02
      -7.235e+01       1.273e-02
      -7.114e+01       3.450e-02
      -6.993e+01       3.932e-02
      -6.872e+01       5.230e-02
      -6.751e+01       6.853e-03
      -6.631e+01       1.442e-02
      -6.510e+01       3.927e-02
      -6.389e+01       6.262e-02
      -6.268e+01       6.637e-02
      -6.147e+01       6.930e-02
      -6.027e+01       4.890e-02
      -5.906e+01       7.137e-02
      -5.785e+01       2.239e-02
      -5.664e+01       4.289e-02
      -5.544e+01       5.337e-02
      -5.423e+01       6.137e-02
      -5.302e+01       5.736e-02
      -5.181e+01       6.423e-02
      -5.060e+01       4.599e-02
      -4.940e+01       7.845e-02
      -4.819e+01       7.170e-02
      -4.698e+01       4.238e-02
      -4.577e+01       7.307e-02
      -4.457e+01       6.244e-02
      -4.336e+01       9.357e-02
      -4.215e+01       7.847e-02
      -4.094e+01       8.472e-02
      -3.973e+01       7.046e-02
      -3.853e+01       8.770e-02
      -3.732e+01       9.822e-02
      -3.611e+01       1.000e-01
      -3.490e+01       1.303e-01
      -3.369e+01       1.270e-01
      -3.249e+01       1.525e-01
      -3.128e+01       2.056e-01
      -3.007e+01       2.718e-01
      -2.886e+01       3.082e-01
      -2.766e+01       3.659e-01
      -2.645e+01       4.178e-01
      -2.524e+01       4.927e-01
      -2.403e+01       6.273e-01
      -2.282e+01       7.615e-01
      -2.162e+01       9.266e-01
      -2.041e+01       1.124e+00
      -1.920e+01       1.387e+00
      -1.799e+01       1.649e+00
      -1.679e+01       2.019e+00
      -1.558e+01       2.487e+00
      -1.437e+01       2.848e+00
      -1.316e+01       3.039e+00
      -1.195e+01       3.416e+00
      -1.075e+01       3.754e+00
      -9.538e+00       4.063e+00
      -8.330e+00       4.494e+00
      -7.122e+00       4.850e+00
      -5.915e+00       5.086e+00
      -4.707e+00       5.151e+00
      -3.499e+00       5.332e+00
      -2.291e+00       5.875e+00
      -1.083e+00       5.954e+00
       1.245e-01       4.990e+00
       1.332e+00       4.166e+00
       2.540e+00       3.470e+00
       3.748e+00       2.761e+00
       4.956e+00       2.148e+00
       6.164e+00       1.674e+00
       7.372e+00       1.314e+00
       8.579e+00       1.011e+00
       9.787e+00       7.755e-01
       1.099e+01       6.216e-01
       1.220e+01       4.580e-01
       1.341e+01       3.659e-01
       1.462e+01       2.768e-01
       1.583e+01       2.152e-01
       1.703e+01       1.656e-01
       1.824e+01       1.291e-01
       1.945e+01       8.917e-02
       2.066e+01       3.165e-02
       2.187e+01       8.232e-02
       2.307e+01       2.662e-02
       2.428e+01       7.997e-03
       2.549e+01       1.563e-02
       2.670e+01      -3.226e-03
       2.790e+01       1.360e-02
       2.911e+01      -5.703e-03
       3.032e+01       7.372e-04
       3.153e+01       1.100e-02
       3.274e+01       1.315e-02
       3.394e+01      -1.028e-02
       3.515e+01      -1.905e-02
       3.636e+01       2.266e-02
       3.757e+01      -1.849e-03
       3.878e+01      -1.825e-02
       3.998e+01      -6.876e-03
       4.119e+01       5.805e-03
       4.240e+01       8.379e-03
       4.361e+01      -2.434e-03
       4.481e+01       2.370e-02
       4.602e+01      -3.816e-03
       4.723e+01      -1.816e-03
       4.844e+01       9.466e-03
       4.965e+01      -6.849e-03
       5.085e+01      -2.725e-03
       5.206e+01      -1.941e-02
       5.327e+01       2.154e-02
       5.448e+01      -3.869e-02
       5.568e+01      -4.224e-02
       5.689e+01      -5.193e-03
       5.810e+01       1.916e-02
       5.931e+01      -3.182e-03
       6.052e+01       3.111e-02
       6.172e+01       1.870e-02
       6.293e+01      -6.563e-03
       6.414e+01       2.123e-02
       6.535e+01      -3.055e-02
       6.656e+01       1.134e-02
       6.776e+01       5.412e-03
       6.897e+01      -1.700e-02
       7.018e+01      -1.672e-02
       7.139e+01       1.224e-02
       7.259e+01      -1.508e-02
       7.380e+01       4.305e-03
       7.501e+01      -1.748e-02
       7.622e+01       1.543e-02
       7.743e+01       1.070e-02
       7.863e+01       1.181e-04
       7.984e+01      -1.853e-02
       8.105e+01      -1.101e-02
       8.226e+01       7.082e-03
       8.346e+01       7.542e-03
       8.467e+01      -1.946e-02
       8.588e+01       4.191e-03
       8.709e+01       9.236e-04
       8.830e+01      -1.046e-02
       8.950e+01      -1.608e-02
       9.071e+01      -1.910e-02
       9.192e+01      -1.651e-02
       9.313e+01      -4.663e-04
       9.434e+01       9.140e-03
       9.554e+01      -2.376e-02
       9.675e+01       5.178e-03
       9.796e+01      -1.094e-02
       9.917e+01       3.916e-03
       1.004e+02      -1.713e-02
       1.016e+02      -1.520e-02
       1.028e+02      -2.431e-03
       1.040e+02      -5.662e-03
       1.052e+02      -1.706e-02
       1.064e+02       1.751e-02
       1.076e+02       1.634e-02
       1.088e+02      -1.660e-02
       1.100e+02      -1.710e-02
       1.112e+02      -3.833e-03
       1.125e+02      -2.157e-02
       1.137e+02      -2.957e-03
       1.149e+02       2.381e-03
       1.161e+02      -8.573e-04
       1.173e+02       1.037e-02
       1.185e+02      -2.877e-03
       1.197e+02       3.580e-03
       1.209e+02       5.264e-03
       1.221e+02      -2.421e-02
       1.233e+02      -1.716e-02
       1.245e+02       7.987e-04
       1.257e+02       2.645e-02
       1.269e+02      -3.869e-03
       1.282e+02       6.297e-03
       1.294e+02      -1.417e-03
       1.306e+02      -1.597e-02
       1.318e+02      -3.830e-02
       1.330e+02      -2.527e-03
       1.342e+02      -2.492e-03
       1.354e+02      -1.303e-02
       1.366e+02      -1.888e-03
       1.378e+02      -4.717e-03
       1.390e+02       1.042e-02
       1.402e+02      -1.704e-02
       1.414e+02       2.782e-02
       1.426e+02       1.625e-02
       1.439e+02      -3.218e-02
       1.451e+02      -4.269e-03
       1.463e+02       1.406e-02
       1.475e+02       3.021e-02
       1.487e+02      -3.483e-02
       1.499e+02       3.435e-02
       1.511e+02      -1.237e-03
       1.523e+02       7.043e-04
       1.535e+02      -2.717e-02
       1.547e+02       1.046e-03
       1.559e+02       8.755e-03
       1.571e+02      -3.545e-03
       1.584e+02      -1.988e-02
       1.596e+02      -5.014e-03
       1.608e+02      -7.608e-03
       1.620e+02      -2.797e-02
       1.632e+02      -1.066e-02
       1.644e+02       6.840e-03
       1.656e+02      -2.828e-02
       1.668e+02      -1.397e-03
       1.680e+02       2.080e-02
       1.692e+02       4.871e-03
       1.704e+02       3.099e-03
       1.716e+02       4.530e-03
       1.728e+02      -7.808e-03
       1.741e+02      -1.385e-02
       1.753e+02       2.980e-02
       1.765e+02      -4.860e-03
       1.777e+02       1.924e-03
       1.789e+02      -1.793e-02
       1.801e+02       1.315e-02
       1.813e+02       3.993e-02
       1.825e+02      -7.776e-03
       1.837e+02       3.848e-03
       1.849e+02       2.657e-03
       1.861e+02       1.905e-02
       1.873e+02      -1.552e-02
       1.885e+02      -3.413e-03
       1.898e+02      -2.632e-03
       1.910e+02       1.151e-02
       1.922e+02       9.227e-03
       1.934e+02      -1.119e-02
       1.946e+02      -5.164e-04
       1.958e+02       5.648e-03
       1.970e+02       7.643e-03
       1.982e+02       1.505e-02
       1.994e+02       3.174e-02
       2.006e+02       1.960e-02
       2.018e+02       1.866e-02
       2.030e+02      -1.856e-04
       2.042e+02       8.241e-03
       2.055e+02      -6.406e-03
       2.067e+02       1.728e-02
       2.079e+02       3.434e-03
       2.091e+02       1.836e-02
       2.103e+02       2.235e-02
       2.115e+02      -5.956e-03
       2.127e+02       1.413e-02
       2.139e+02      -2.810e-02
       2.151e+02      -4.501e-03
       2.163e+02       9.434e-03
       2.175e+02       1.657e-02
       2.187e+02       3.138e-02
       2.199e+02       1.642e-02
       2.212e+02      -8.782e-03
       2.224e+02       2.385e-02
       2.236e+02      -2.855e-02
       2.248e+02       2.775e-02
       2.260e+02      -3.810e-03
       2.272e+02      -2.398e-03
       2.284e+02      -2.349e-02
       2.296e+02       1.732e-03
       2.308e+02       2.281e-03
       2.320e+02       2.163e-02
       2.332e+02       4.302e-03
       2.344e+02      -6.573e-03
       2.357e+02       1.509e-02
       2.369e+02       1.419e-02
       2.381e+02       2.236e-02
       2.393e+02      -2.591e-02
       2.405e+02       9.324e-03
       2.417e+02      -1.922e-02
       2.429e+02      -1.218e-02
       2.441e+02      -2.349e-02
       2.453e+02      -8.501e-03
       2.465e+02       7.471e-03
       2.477e+02       2.460e-02
       2.489e+02      -5.947e-04
       2.501e+02      -1.066e-02
       2.514e+02       1.743e-02
       2.526e+02       2.620e-02
       2.538e+02       1.318e-02
       2.550e+02       1.196e-02
       2.562e+02       8.153e-03
       2.574e+02       1.268e-03
       2.586e+02       5.602e-03
       2.598e+02       1.697e-03
       2.610e+02      -1.064e-02
       2.622e+02      -1.362e-02
       2.634e+02       6.979e-03
       2.646e+02       9.943e-03
       2.658e+02      -5.814e-03
       2.671e+02      -3.354e-02
       2.683e+02       4.097e-04
       2.695e+02       1.216e-02
       2.707e+02      -9.708e-03
       2.719e+02       1.238e-02
       2.731e+02      -2.262e-02
       2.743e+02       1.085e-02
       2.755e+02      -1.916e-02
       2.767e+02       2.477e-03
       2.779e+02      -3.939e-02
       2.791e+02      -1.332e-02
       2.803e+02       1.591e-02
       2.815e+02       1.115e-02
       2.828e+02       9.226e-05
       2.840e+02      -2.929e-02
       2.852e+02       2.241e-03
       2.864e+02      -5.073e-03
       2.876e+02       6.053e-03
       2.888e+02      -1.839e-02
       2.900e+02       1.895e-02
       2.912e+02       1.280e-02
       2.924e+02       4.016e-04
       2.936e+02      -3.294e-03
       2.948e+02      -3.499e-04
       2.960e+02       7.310e-03
       2.973e+02       3.129e-02
       2.985e+02       7.204e-04
       2.997e+02      -4.473e-02
       3.009e+02      -5.693e-03
       3.021e+02      -2.941e-02
       3.033e+02      -2.393e-02
       3.045e+02      -1.325e-02
       3.057e+02       2.594e-02
       3.069e+02      -5.805e-03
       3.081e+02       3.738e-03
       3.093e+02       1.245e-02
       3.105e+02       1.136e-02
       3.117e+02      -1.752e-02
       3.130e+02      -8.439e-03
       3.142e+02       5.715e-03
       3.154e+02       1.073e-02
       3.166e+02      -5.968e-03
       3.178e+02       1.281e-02
       3.190e+02      -2.627e-05
       3.202e+02      -1.884e-02
       3.214e+02      -1.008e-02
       3.226e+02      -7.370e-03
       3.238e+02      -6.206e-03
       3.250e+02      -8.112e-04
       3.262e+02      -2.917e-02
       3.274e+02      -1.936e-03
       3.287e+02      -3.392e-02
       3.299e+02      -1.132e-02
       3.311e+02       1.094e-02
       3.323e+02      -2.959e-02
       3.335e+02       6.606e-04
       3.347e+02       1.905e-02
       3.359e+02       3.903e-03
       3.371e+02       7.243e-04
       3.383e+02      -3.226e-02
       3.395e+02      -1.891e-02
       3.407e+02       1.584e-02
       3.419e+02      -2.710e-02
       3.431e+02       1.001e-02
       3.444e+02      -1.427e-02
       3.456e+02      -9.520e-03
       3.468e+02      -4.495e-02
       3.480e+02      -9.020e-03
       3.492e+02      -5.526e-03
       3.504e+02      -8.898e-03
       3.516e+02      -1.053e-03
       3.528e+02       2.509e-04
       3.540e+02       1.255e-02
       3.552e+02      -2.576e-02
       3.564e+02      -2.062e-02
       3.576e+02      -1.843e-02
       3.589e+02      -2.833e-02
       3.601e+02       2.064e-03
       3.613e+02      -1.071e-02
       3.625e+02      -2.297e-02
       3.637e+02       7.390e-03
       3.649e+02      -4.155e-03
       3.661e+02      -3.125e-02
       3.673e+02      -2.153e-02
       3.685e+02      -2.148e-02
       3.697e+02      -4.269e-02
       3.709e+02      -2.505e-02
       3.721e+02      -2.319e-02
       3.733e+02      -3.699e-02
       3.746e+02      -3.993e-02
       3.758e+02      -1.234e-02
       3.770e+02      -1.355e-02
       3.782e+02      -1.535e-02
       3.794e+02      -1.943e-02
       3.806e+02      -2.883e-02
       3.818e+02      -2.718e-03
       3.830e+02      -3.591e-02
       3.842e+02      -1.384e-02
       3.854e+02      -7.825e-03
       3.866e+02      -7.166e-03
       3.878e+02      -1.649e-02
       3.890e+02      -2.061e-02
       3.903e+02       3.014e-02
       3.915e+02       3.919e-02
       3.927e+02       1.017e-03
       3.939e+02      -1.673e-02
       3.951e+02      -7.227e-02
       3.963e+02      -9.463e-02
       3.975e+02      -1.174e-01
       3.987e+02      -1.202e-01
       3.999e+02      -8.994e-02
       4.011e+02      -1.484e-01
       4.023e+02      -2.668e-02
       4.035e+02       2.965e-03
       4.047e+02       1.977e-02
       4.060e+02       2.318e-02
       4.072e+02      -4.564e-02
       4.084e+02      -1.539e-02
       4.096e+02      -2.871e-02
       4.108e+02       2.184e-02
       4.120e+02      -2.668e-02
       4.132e+02      -3.109e-02
       4.144e+02      -1.349e-02
       4.156e+02       1.305e-02
       4.168e+02      -8.745e-03
       4.180e+02      -5.817e-03
       4.192e+02      -3.906e-02
       4.204e+02      -8.659e-03
       4.217e+02      -2.060e-02
       4.229e+02      -3.120e-02
       4.241e+02      -1.152e-02
       4.253e+02       1.060e-02
       4.265e+02      -2.060e-02
       4.277e+02      -3.601e-02
       4.289e+02       1.122e-03
       4.301e+02      -1.423e-02
       4.313e+02      -3.505e-02
       4.325e+02      -2.905e-02
       4.337e+02      -4.972e-02
       4.349e+02       8.212e-03
       4.362e+02      -3.387e-02
       4.374e+02      -1.144e-03
       4.386e+02      -3.806e-02
       4.398e+02      -4.570e-03
       4.410e+02      -2.726e-02
       4.422e+02      -5.337e-02
       4.434e+02      -2.302e-02
       4.446e+02      -1.607e-02
       4.458e+02      -3.810e-02
       4.470e+02      -5.949e-03
       4.482e+02      -4.446e-02
       4.494e+02      -1.350e-02
       4.506e+02      -1.939e-02
       4.519e+02      -2.660e-02
       4.531e+02      -2.771e-02
       4.543e+02      -4.016e-02
       4.555e+02      -2.992e-02
       4.567e+02      -3.480e-02
       4.579e+02      -1.791e-02
       4.591e+02      -4.014e-02
       4.603e+02      -3.572e-02
       4.615e+02      -3.788e-02
       4.627e+02      -4.614e-02
       4.639e+02      -4.363e-02
       4.651e+02      -7.262e-02
       4.663e+02      -4.723e-02
       4.676e+02      -8.390e-02
       4.688e+02      -5.791e-02
       4.700e+02      -1.122e-01
       4.712e+02      -1.085e-01
       4.724e+02      -1.008e-01
       4.736e+02      -8.946e-02
       4.748e+02      -1.065e-01
       4.760e+02      -9.702e-02
       4.772e+02      -1.092e-01
       4.784e+02      -7.946e-02
       4.796e+02      -1.199e-01
       4.808e+02      -1.179e-01
       4.820e+02      -9.787e-02
       4.833e+02      -1.416e-01
       4.845e+02      -8.351e-02
       4.857e+02      -1.019e-01
       4.869e+02      -1.127e-01
       4.881e+02      -9.613e-02
       4.893e+02      -1.069e-01
       4.905e+02      -6.737e-02
       4.917e+02      -6.564e-02
       4.929e+02      -7.273e-02
       4.941e+02      -5.825e-02
       4.953e+02      -6.762e-02
       4.965e+02      -7.869e-02
       4.978e+02      -5.466e-02
       4.990e+02      -6.030e-02
       5.002e+02      -4.528e-02
       5.014e+02      -4.586e-02
       5.026e+02      -3.652e-02
       5.038e+02      -4.699e-02
       5.050e+02      -4.017e-02
       5.062e+02      -3.345e-02
       5.074e+02      -6.883e-02
       5.086e+02      -5.295e-02
       5.098e+02      -3.247e-02
       5.110e+02      -6.687e-02
       5.122e+02      -2.798e-02
       5.135e+02      -5.780e-02
       5.147e+02      -4.733e-02
       5.159e+02      -3.540e-02
       5.171e+02      -2.956e-02
       5.183e+02      -5.790e-02
       5.195e+02      -5.376e-02
       5.207e+02      -6.834e-02
       5.219e+02      -4.857e-02
       5.231e+02      -6.976e-02
       5.243e+02      -5.165e-02
       5.255e+02      -5.461e-02
       5.267e+02      -5.026e-02
       5.279e+02      -5.005e-02
       5.292e+02      -3.282e-02
       5.304e+02      -3.913e-02
       5.316e+02      -5.203e-02
       5.328e+02      -5.917e-02
       5.340e+02      -5.287e-02
       5.352e+02      -7.393e-02
       5.364e+02      -7.140e-02
       5.376e+02      -7.366e-02
       5.388e+02      -5.478e-02
       5.400e+02      -7.144e-02
       5.412e+02      -5.120e-02
       5.424e+02      -9.749e-02
       5.436e+02      -5.749e-02
       5.449e+02      -6.113e-02
       5.461e+02      -3.288e-02
       5.473e+02      -1.045e-01
       5.485e+02      -8.012e-02
       5.497e+02      -6.709e-02
       5.509e+02      -9.182e-02
       5.521e+02      -1.064e-01
       5.533e+02      -7.053e-02
       5.545e+02      -7.251e-02
       5.557e+02      -9.523e-02
       5.569e+02      -8.165e-02
       5.581e+02      -3.453e-02
       5.593e+02      -8.299e-02
       5.606e+02      -7.657e-02
       5.618e+02      -5.103e-02
       5.630e+02      -5.792e-02
       5.642e+02      -8.903e-02
       5.654e+02      -5.371e-02
       5.666e+02      -8.811e-02
       5.678e+02      -5.312e-02
       5.690e+02      -8.591e-02
       5.702e+02      -5.669e-02
       5.714e+02      -5.501e-02
       5.726e+02      -6.024e-02
       5.738e+02      -6.588e-02
       5.751e+02      -7.918e-02
       5.763e+02      -7.835e-02
       5.775e+02      -8.732e-02
       5.787e+02      -8.236e-02
       5.799e+02      -6.932e-02
       5.811e+02      -9.467e-02
       5.823e+02      -5.518e-02
       5.835e+02      -5.597e-02
       5.847e+02      -1.012e-01
       5.859e+02      -7.993e-02
       5.871e+02      -6.267e-02
       5.883e+02      -7.368e-02
       5.895e+02      -1.016e-01
       5.908e+02      -1.013e-01
       5.920e+02      -6.008e-02
       5.932e+02      -9.814e-02
       5.944e+02      -1.104e-01
       5.956e+02      -7.524e-02
       5.968e+02      -1.179e-01
       5.980e+02      -8.583e-02
       5.992e+02      -6.682e-02
       6.004e+02      -1.258e-01
       6.016e+02      -8.499e-02
       6.028e+02      -9.384e-02
       6.040e+02      -9.401e-02
       6.052e+02      -9.255e-02
       6.065e+02      -8.085e-02
       6.077e+02      -8.719e-02
       6.089e+02      -7.668e-02
       6.101e+02      -1.039e-01
       6.113e+02      -1.103e-01
       6.125e+02      -1.007e-01
       6.137e+02      -8.308e-02
       6.149e+02      -1.244e-01
       6.161e+02      -9.923e-02
       6.173e+02      -1.224e-01
       6.185e+02      -7.549e-02
       6.197e+02      -8.644e-02
       6.209e+02      -1.036e-01
       6.222e+02      -1.120e-01
       6.234e+02      -9.956e-02
       6.246e+02      -9.769e-02
       6.258e+02      -9.300e-02
       6.270e+02      -1.395e-01
       6.282e+02      -8.510e-02
       6.294e+02      -9.611e-02
       6.306e+02      -1.422e-01
       6.318e+02      -1.197e-01