      9  PHL2525p60 STCOR   PHL2525_cleanbaseavg.fits
GALACTIC
coordinates (deg)    8.380458e+01 -7.131687e+01
VLSR          Ta*
      -5.905e+02      -1.670e-02
      -5.893e+02       1.162e-02
      -5.881e+02      -8.229e-04
      -5.869e+02       2.909e-02
      -5.857e+02       3.290e-02
      -5.845e+02       7.507e-03
      -5.833e+02      -5.296e-03
      -5.820e+02       1.227e-02
      -5.808e+02       1.023e-02
      -5.796e+02       1.033e-02
      -5.784e+02       2.497e-02
      -5.772e+02       2.716e-02
      -5.760e+02       7.364e-03
      -5.748e+02       3.821e-02
      -5.736e+02       3.162e-02
      -5.724e+02       3.221e-02
      -5.712e+02       1.970e-02
      -5.700e+02       4.168e-02
      -5.688e+02       2.162e-02
      -5.676e+02       2.097e-02
      -5.663e+02       3.126e-02
      -5.651e+02       2.867e-02
      -5.639e+02       1.820e-02
      -5.627e+02      -5.576e-03
      -5.615e+02       2.097e-02
      -5.603e+02       1.578e-02
      -5.591e+02       2.629e-02
      -5.579e+02       3.618e-02
      -5.567e+02       2.184e-02
      -5.555e+02       9.260e-03
      -5.543e+02      -1.266e-02
      -5.531e+02       1.854e-02
      -5.519e+02       8.351e-03
      -5.506e+02       2.305e-02
      -5.494e+02       1.274e-02
      -5.482e+02       1.764e-02
      -5.470e+02       3.552e-02
      -5.458e+02      -4.437e-03
      -5.446e+02       5.345e-03
      -5.434e+02       3.052e-02
      -5.422e+02       1.603e-02
      -5.410e+02       1.023e-02
      -5.398e+02       1.274e-02
      -5.386e+02      -2.542e-03
      -5.374e+02       9.716e-03
      -5.362e+02      -3.542e-03
      -5.349e+02       1.844e-02
      -5.337e+02       5.382e-03
      -5.325e+02      -9.861e-03
      -5.313e+02       1.579e-02
      -5.301e+02      -8.649e-04
      -5.289e+02       5.512e-03
      -5.277e+02       1.116e-02
      -5.265e+02       4.931e-03
      -5.253e+02       1.165e-04
      -5.241e+02       6.775e-04
      -5.229e+02       1.133e-02
      -5.217e+02      -5.148e-03
      -5.205e+02       1.388e-02
      -5.192e+02       9.209e-03
      -5.180e+02      -1.988e-03
      -5.168e+02      -2.037e-02
      -5.156e+02      -6.995e-03
      -5.144e+02      -7.988e-03
      -5.132e+02       8.849e-03
      -5.120e+02       1.635e-02
      -5.108e+02      -4.203e-03
      -5.096e+02       1.229e-02
      -5.084e+02       3.541e-03
      -5.072e+02      -1.233e-02
      -5.060e+02      -3.728e-03
      -5.047e+02       2.751e-03
      -5.035e+02       4.842e-03
      -5.023e+02       4.969e-03
      -5.011e+02       1.868e-02
      -4.999e+02      -3.742e-03
      -4.987e+02       7.357e-03
      -4.975e+02       8.449e-04
      -4.963e+02       6.408e-03
      -4.951e+02      -5.412e-03
      -4.939e+02       1.563e-02
      -4.927e+02       3.364e-03
      -4.915e+02      -1.369e-02
      -4.903e+02       1.399e-02
      -4.890e+02       1.019e-02
      -4.878e+02      -8.630e-03
      -4.866e+02       9.827e-03
      -4.854e+02      -6.073e-03
      -4.842e+02      -2.266e-02
      -4.830e+02       9.647e-03
      -4.818e+02       1.791e-02
      -4.806e+02      -8.237e-03
      -4.794e+02       9.171e-03
      -4.782e+02       1.086e-02
      -4.770e+02      -4.546e-03
      -4.758e+02       2.916e-03
      -4.746e+02      -2.411e-02
      -4.733e+02      -1.434e-02
      -4.721e+02      -1.658e-02
      -4.709e+02      -9.592e-03
      -4.697e+02      -1.744e-03
      -4.685e+02      -2.087e-02
      -4.673e+02      -1.349e-02
      -4.661e+02       3.206e-03
      -4.649e+02       9.792e-03
      -4.637e+02      -1.838e-02
      -4.625e+02       1.323e-02
      -4.613e+02       1.040e-02
      -4.601e+02       7.136e-03
      -4.589e+02       2.179e-02
      -4.576e+02      -5.998e-03
      -4.564e+02       1.733e-02
      -4.552e+02       6.486e-03
      -4.540e+02       1.292e-02
      -4.528e+02       2.934e-02
      -4.516e+02       1.296e-02
      -4.504e+02      -1.613e-03
      -4.492e+02       3.711e-03
      -4.480e+02      -1.187e-02
      -4.468e+02      -2.777e-03
      -4.456e+02       9.273e-03
      -4.444e+02       2.572e-03
      -4.431e+02      -9.472e-03
      -4.419e+02      -2.762e-02
      -4.407e+02      -1.877e-02
      -4.395e+02       1.137e-03
      -4.383e+02      -1.953e-03
      -4.371e+02       4.605e-03
      -4.359e+02       7.818e-03
      -4.347e+02       5.644e-03
      -4.335e+02       1.219e-02
      -4.323e+02       2.633e-02
      -4.311e+02      -2.380e-02
      -4.299e+02      -7.222e-03
      -4.287e+02       4.554e-04
      -4.274e+02      -2.195e-02
      -4.262e+02       2.118e-02
      -4.250e+02       2.375e-02
      -4.238e+02       4.406e-03
      -4.226e+02       2.022e-02
      -4.214e+02      -2.436e-03
      -4.202e+02      -3.885e-03
      -4.190e+02       1.501e-03
      -4.178e+02       3.118e-02
      -4.166e+02      -2.032e-02
      -4.154e+02      -1.926e-02
      -4.142e+02      -2.618e-05
      -4.130e+02       4.392e-03
      -4.117e+02      -1.156e-02
      -4.105e+02      -1.101e-02
      -4.093e+02       3.256e-02
      -4.081e+02       4.671e-03
      -4.069e+02      -1.350e-02
      -4.057e+02      -3.025e-03
      -4.045e+02       1.005e-02
      -4.033e+02      -2.902e-03
      -4.021e+02      -1.337e-02
      -4.009e+02      -1.476e-02
      -3.997e+02      -1.903e-02
      -3.985e+02      -2.211e-02
      -3.973e+02       1.409e-02
      -3.960e+02       4.820e-03
      -3.948e+02       2.014e-02
      -3.936e+02       9.611e-03
      -3.924e+02       7.290e-03
      -3.912e+02      -1.149e-02
      -3.900e+02       1.415e-02
      -3.888e+02       2.226e-02
      -3.876e+02      -1.087e-03
      -3.864e+02      -2.264e-03
      -3.852e+02      -2.543e-02
      -3.840e+02      -8.368e-04
      -3.828e+02      -1.949e-02
      -3.815e+02      -2.148e-02
      -3.803e+02       2.064e-02
      -3.791e+02       8.513e-03
      -3.779e+02      -6.959e-03
      -3.767e+02      -3.740e-03
      -3.755e+02      -1.542e-02
      -3.743e+02       4.753e-04
      -3.731e+02       1.237e-02
      -3.719e+02       9.059e-03
      -3.707e+02       6.630e-03
      -3.695e+02      -3.309e-03
      -3.683e+02      -5.071e-04
      -3.671e+02      -4.941e-04
      -3.658e+02       6.381e-03
      -3.646e+02      -1.240e-02
      -3.634e+02       3.463e-04
      -3.622e+02      -3.611e-02
      -3.610e+02       8.674e-03
      -3.598e+02       9.291e-03
      -3.586e+02      -1.386e-02
      -3.574e+02       8.279e-04
      -3.562e+02       5.843e-03
      -3.550e+02       1.609e-02
      -3.538e+02      -1.675e-03
      -3.526e+02       1.293e-02
      -3.514e+02      -2.097e-02
      -3.501e+02      -6.923e-03
      -3.489e+02      -1.172e-02
      -3.477e+02       8.555e-03
      -3.465e+02       2.521e-03
      -3.453e+02      -1.720e-02
      -3.441e+02      -1.326e-02
      -3.429e+02       2.373e-02
      -3.417e+02       5.677e-03
      -3.405e+02      -1.210e-02
      -3.393e+02      -2.386e-02
      -3.381e+02      -1.403e-02
      -3.369e+02      -1.583e-02
      -3.357e+02       7.564e-03
      -3.344e+02       4.344e-03
      -3.332e+02       9.986e-04
      -3.320e+02       1.392e-03
      -3.308e+02       2.247e-02
      -3.296e+02       2.422e-03
      -3.284e+02       3.556e-03
      -3.272e+02      -5.865e-03
      -3.260e+02      -7.139e-03
      -3.248e+02      -1.333e-03
      -3.236e+02       1.756e-02
      -3.224e+02       2.613e-02
      -3.212e+02      -4.662e-03
      -3.200e+02      -7.616e-03
      -3.187e+02      -1.477e-02
      -3.175e+02      -1.292e-02
      -3.163e+02      -1.382e-02
      -3.151e+02       3.218e-03
      -3.139e+02      -1.532e-03
      -3.127e+02       7.872e-03
      -3.115e+02       1.206e-03
      -3.103e+02       2.269e-02
      -3.091e+02      -1.024e-02
      -3.079e+02      -1.619e-02
      -3.067e+02      -5.180e-03
      -3.055e+02       2.220e-03
      -3.042e+02      -2.605e-03
      -3.030e+02      -5.813e-04
      -3.018e+02       1.941e-02
      -3.006e+02       5.792e-03
      -2.994e+02      -1.843e-02
      -2.982e+02       1.450e-04
      -2.970e+02      -7.066e-03
      -2.958e+02       6.349e-03
      -2.946e+02      -4.178e-03
      -2.934e+02      -1.150e-02
      -2.922e+02      -7.087e-03
      -2.910e+02       1.325e-02
      -2.898e+02       6.500e-03
      -2.885e+02       1.254e-02
      -2.873e+02       3.699e-03
      -2.861e+02       6.219e-03
      -2.849e+02      -1.259e-02
      -2.837e+02      -7.230e-03
      -2.825e+02       9.682e-04
      -2.813e+02       6.740e-03
      -2.801e+02      -2.089e-03
      -2.789e+02       1.054e-02
      -2.777e+02      -6.995e-03
      -2.765e+02       1.583e-02
      -2.753e+02      -1.834e-02
      -2.741e+02       5.051e-03
      -2.728e+02      -2.138e-03
      -2.716e+02       6.843e-03
      -2.704e+02       1.341e-04
      -2.692e+02      -1.479e-02
      -2.680e+02       3.604e-02
      -2.668e+02      -3.730e-04
      -2.656e+02       3.150e-03
      -2.644e+02       6.294e-03
      -2.632e+02       1.321e-02
      -2.620e+02       1.180e-02
      -2.608e+02       6.924e-03
      -2.596e+02      -1.089e-02
      -2.584e+02      -4.011e-03
      -2.571e+02      -5.348e-04
      -2.559e+02      -3.724e-03
      -2.547e+02       3.484e-04
      -2.535e+02      -2.392e-02
      -2.523e+02       1.063e-02
      -2.511e+02      -5.302e-04
      -2.499e+02      -2.040e-02
      -2.487e+02      -1.223e-02
      -2.475e+02       1.828e-02
      -2.463e+02       6.005e-04
      -2.451e+02      -4.978e-03
      -2.439e+02       7.626e-03
      -2.426e+02       7.953e-03
      -2.414e+02       1.170e-02
      -2.402e+02      -1.777e-03
      -2.390e+02      -8.275e-03
      -2.378e+02      -1.644e-03
      -2.366e+02       3.603e-02
      -2.354e+02      -1.159e-02
      -2.342e+02      -1.178e-02
      -2.330e+02      -1.381e-02
      -2.318e+02       1.468e-02
      -2.306e+02       1.796e-02
      -2.294e+02      -1.718e-03
      -2.282e+02      -6.195e-03
      -2.269e+02       4.432e-03
      -2.257e+02       1.850e-02
      -2.245e+02      -5.475e-04
      -2.233e+02      -2.467e-02
      -2.221e+02      -1.805e-02
      -2.209e+02      -1.332e-02
      -2.197e+02       4.372e-04
      -2.185e+02      -1.446e-02
      -2.173e+02      -2.261e-02
      -2.161e+02       1.017e-02
      -2.149e+02       2.012e-02
      -2.137e+02      -1.639e-02
      -2.125e+02       2.151e-02
      -2.112e+02      -2.882e-03
      -2.100e+02      -2.706e-02
      -2.088e+02       1.055e-02
      -2.076e+02       4.449e-03
      -2.064e+02       1.702e-02
      -2.052e+02       2.796e-03
      -2.040e+02      -5.201e-03
      -2.028e+02      -1.788e-02
      -2.016e+02       2.946e-02
      -2.004e+02       8.009e-04
      -1.992e+02       1.047e-02
      -1.980e+02       3.864e-03
      -1.968e+02       1.791e-02
      -1.955e+02       8.107e-03
      -1.943e+02       2.543e-03
      -1.931e+02      -5.702e-03
      -1.919e+02       7.420e-03
      -1.907e+02       1.153e-02
      -1.895e+02      -1.519e-03
      -1.883e+02      -1.200e-02
      -1.871e+02      -2.393e-03
      -1.859e+02      -3.606e-03
      -1.847e+02      -8.779e-03
      -1.835e+02      -1.151e-02
      -1.823e+02       2.030e-04
      -1.810e+02       2.647e-02
      -1.798e+02      -2.651e-03
      -1.786e+02       2.959e-02
      -1.774e+02      -1.316e-02
      -1.762e+02       1.855e-02
      -1.750e+02      -8.873e-03
      -1.738e+02      -1.094e-02
      -1.726e+02      -5.010e-03
      -1.714e+02       3.381e-03
      -1.702e+02       1.646e-03
      -1.690e+02       2.055e-02
      -1.678e+02      -7.173e-03
      -1.666e+02      -2.463e-02
      -1.653e+02      -5.776e-04
      -1.641e+02       1.945e-03
      -1.629e+02       8.448e-03
      -1.617e+02      -3.284e-04
      -1.605e+02       6.557e-04
      -1.593e+02      -1.287e-03
      -1.581e+02       1.725e-02
      -1.569e+02      -9.138e-03
      -1.557e+02      -2.290e-02
      -1.545e+02      -1.167e-02
      -1.533e+02       1.119e-02
      -1.521e+02      -9.461e-03
      -1.509e+02       9.947e-03
      -1.496e+02       2.649e-03
      -1.484e+02      -1.052e-02
      -1.472e+02      -6.550e-03
      -1.460e+02      -1.356e-03
      -1.448e+02       1.306e-02
      -1.436e+02      -1.280e-02
      -1.424e+02       1.246e-02
      -1.412e+02      -4.458e-03
      -1.400e+02       5.170e-03
      -1.388e+02       1.749e-02
      -1.376e+02       9.223e-03
      -1.364e+02      -5.013e-03
      -1.352e+02       1.492e-02
      -1.339e+02       2.781e-02
      -1.327e+02       8.235e-04
      -1.315e+02       4.705e-03
      -1.303e+02      -6.538e-03
      -1.291e+02      -6.566e-03
      -1.279e+02      -9.234e-03
      -1.267e+02      -5.153e-04
      -1.255e+02      -7.008e-03
      -1.243e+02       8.029e-03
      -1.231e+02       2.036e-03
      -1.219e+02      -9.985e-03
      -1.207e+02      -1.779e-02
      -1.195e+02       7.657e-03
      -1.182e+02      -1.105e-02
      -1.170e+02      -6.484e-04
      -1.158e+02       2.082e-02
      -1.146e+02      -1.175e-02
      -1.134e+02       1.135e-02
      -1.122e+02      -6.132e-03
      -1.110e+02      -2.781e-03
      -1.098e+02       6.997e-03
      -1.086e+02       1.426e-02
      -1.074e+02      -9.926e-03
      -1.062e+02       2.916e-02
      -1.050e+02       1.476e-02
      -1.037e+02       8.211e-03
      -1.025e+02       2.542e-03
      -1.013e+02       1.098e-02
      -1.001e+02       1.093e-02
      -9.892e+01       1.425e-03
      -9.771e+01       6.939e-03
      -9.650e+01       6.063e-03
      -9.529e+01       1.433e-02
      -9.409e+01      -1.077e-02
      -9.288e+01       1.486e-02
      -9.167e+01      -3.081e-03
      -9.046e+01      -8.537e-03
      -8.925e+01      -1.710e-02
      -8.805e+01       2.116e-03
      -8.684e+01       1.564e-02
      -8.563e+01      -4.864e-03
      -8.442e+01       1.324e-02
      -8.322e+01       4.024e-02
      -8.201e+01       1.131e-03
      -8.080e+01       2.348e-02
      -7.959e+01       7.951e-03
      -7.838e+01       1.703e-02
      -7.718e+01       2.233e-02
      -7.597e+01       1.373e-02
      -7.476e+01       3.244e-02
      -7.355e+01      -7.873e-03
      -7.235e+01       1.681e-02
      -7.114e+01       8.951e-04
      -6.993e+01       3.117e-02
      -6.872e+01       2.012e-02
      -6.751e+01       1.206e-02
      -6.631e+01       1.658e-02
      -6.510e+01       1.287e-02
      -6.389e+01       3.460e-02
      -6.268e+01       2.222e-02
      -6.147e+01       3.445e-02
      -6.027e+01       3.650e-02
      -5.906e+01       3.653e-02
      -5.785e+01       4.061e-03
      -5.664e+01       1.085e-02
      -5.544e+01       2.792e-02
      -5.423e+01       2.533e-02
      -5.302e+01       4.961e-02
      -5.181e+01       2.899e-02
      -5.060e+01       4.048e-02
      -4.940e+01       5.406e-02
      -4.819e+01       3.956e-02
      -4.698e+01       3.102e-02
      -4.577e+01       2.548e-02
      -4.457e+01       5.970e-02
      -4.336e+01       6.153e-02
      -4.215e+01       6.052e-02
      -4.094e+01       6.087e-02
      -3.973e+01       8.328e-02
      -3.853e+01       6.050e-02
      -3.732e+01       9.712e-02
      -3.611e+01       6.592e-02
      -3.490e+01       6.276e-02
      -3.369e+01       9.101e-02
      -3.249e+01       1.172e-01
      -3.128e+01       1.377e-01
      -3.007e+01       1.720e-01
      -2.886e+01       2.051e-01
      -2.766e+01       2.731e-01
      -2.645e+01       3.290e-01
      -2.524e+01       4.069e-01
      -2.403e+01       5.371e-01
      -2.282e+01       6.514e-01
      -2.162e+01       8.066e-01
      -2.041e+01       9.986e-01
      -1.920e+01       1.217e+00
      -1.799e+01       1.500e+00
      -1.679e+01       1.888e+00
      -1.558e+01       2.360e+00
      -1.437e+01       2.939e+00
      -1.316e+01       3.724e+00
      -1.195e+01       4.400e+00
      -1.075e+01       5.051e+00
      -9.538e+00       5.449e+00
      -8.330e+00       5.404e+00
      -7.123e+00       5.264e+00
      -5.915e+00       5.059e+00
      -4.707e+00       4.946e+00
      -3.499e+00       5.075e+00
      -2.291e+00       5.242e+00
      -1.083e+00       5.351e+00
       1.245e-01       5.348e+00
       1.332e+00       5.402e+00
       2.540e+00       4.974e+00
       3.748e+00       4.005e+00
       4.956e+00       2.864e+00
       6.164e+00       2.070e+00
       7.371e+00       1.505e+00
       8.579e+00       1.078e+00
       9.787e+00       8.102e-01
       1.099e+01       6.096e-01
       1.220e+01       4.713e-01
       1.341e+01       3.634e-01
       1.462e+01       2.762e-01
       1.583e+01       2.155e-01
       1.703e+01       1.537e-01
       1.824e+01       1.467e-01
       1.945e+01       9.884e-02
       2.066e+01       7.245e-02
       2.187e+01       6.976e-02
       2.307e+01       5.134e-02
       2.428e+01       6.480e-02
       2.549e+01       3.425e-02
       2.670e+01       1.198e-02
       2.790e+01       4.930e-02
       2.911e+01       1.720e-02
       3.032e+01       2.700e-02
       3.153e+01       1.951e-02
       3.274e+01       2.287e-02
       3.394e+01       1.383e-02
       3.515e+01      -9.332e-04
       3.636e+01      -1.522e-02
       3.757e+01       3.118e-02
       3.878e+01       6.488e-04
       3.998e+01       4.449e-03
       4.119e+01      -5.965e-04
       4.240e+01      -6.367e-03
       4.361e+01      -1.520e-03
       4.481e+01      -1.968e-02
       4.602e+01      -1.623e-02
       4.723e+01       3.005e-03
       4.844e+01       8.173e-05
       4.965e+01      -1.621e-02
       5.085e+01      -1.366e-02
       5.206e+01      -1.813e-02
       5.327e+01       4.160e-03
       5.448e+01      -2.307e-03
       5.568e+01      -1.364e-02
       5.689e+01       1.435e-02
       5.810e+01       3.995e-03
       5.931e+01      -7.350e-03
       6.052e+01      -1.070e-02
       6.172e+01      -1.411e-02
       6.293e+01       4.593e-03
       6.414e+01      -1.319e-02
       6.535e+01      -9.671e-03
       6.656e+01      -1.566e-02
       6.776e+01      -1.541e-02
       6.897e+01      -1.518e-02
       7.018e+01      -7.914e-03
       7.139e+01       4.571e-03
       7.259e+01      -5.566e-03
       7.380e+01      -1.148e-02
       7.501e+01      -1.686e-03
       7.622e+01      -7.850e-03
       7.743e+01       2.806e-03
       7.863e+01      -5.629e-03
       7.984e+01       1.482e-02
       8.105e+01       3.507e-02
       8.226e+01      -9.392e-03
       8.346e+01       8.062e-03
       8.467e+01       2.642e-02
       8.588e+01      -1.102e-02
       8.709e+01      -1.858e-02
       8.830e+01       7.100e-04
       8.950e+01      -1.367e-02
       9.071e+01      -9.469e-04
       9.192e+01       1.296e-02
       9.313e+01       7.654e-05
       9.434e+01      -3.631e-02
       9.554e+01      -3.872e-02
       9.675e+01      -4.574e-03
       9.796e+01      -1.140e-02
       9.917e+01      -1.994e-03
       1.004e+02      -8.901e-03
       1.016e+02      -2.012e-03
       1.028e+02      -5.121e-03
       1.040e+02      -2.887e-03
       1.052e+02       9.204e-03
       1.064e+02       5.932e-03
       1.076e+02      -6.452e-03
       1.088e+02       8.664e-03
       1.100e+02       1.589e-03
       1.112e+02      -1.005e-02
       1.125e+02      -9.939e-03
       1.137e+02      -3.400e-03
       1.149e+02      -9.414e-03
       1.161e+02      -1.825e-02
       1.173e+02       1.846e-04
       1.185e+02       1.107e-02
       1.197e+02      -1.487e-02
       1.209e+02       1.844e-04
       1.221e+02      -3.949e-03
       1.233e+02       1.537e-02
       1.245e+02       8.769e-03
       1.257e+02       5.693e-03
       1.269e+02      -7.153e-03
       1.282e+02      -3.625e-02
       1.294e+02       3.869e-03
       1.306e+02      -2.664e-02
       1.318e+02       3.148e-03
       1.330e+02       2.045e-03
       1.342e+02      -7.055e-03
       1.354e+02       6.597e-03
       1.366e+02      -1.282e-02
       1.378e+02      -1.022e-02
       1.390e+02      -2.203e-02
       1.402e+02       3.783e-03
       1.414e+02      -4.908e-03
       1.426e+02      -1.618e-02
       1.439e+02       4.488e-03
       1.451e+02      -2.243e-02
       1.463e+02      -1.392e-02
       1.475e+02      -1.906e-02
       1.487e+02       1.462e-02
       1.499e+02      -9.307e-03
       1.511e+02       2.125e-02
       1.523e+02       1.372e-02
       1.535e+02      -1.192e-03
       1.547e+02       1.297e-04
       1.559e+02       1.243e-03
       1.571e+02       3.355e-03
       1.584e+02      -4.843e-03
       1.596e+02       9.846e-03
       1.608e+02      -2.943e-03
       1.620e+02       1.082e-02
       1.632e+02       1.153e-02
       1.644e+02       1.182e-02
       1.656e+02      -1.302e-02
       1.668e+02       5.138e-03
       1.680e+02      -1.350e-02
       1.692e+02      -1.571e-02
       1.704e+02       6.319e-03
       1.716e+02      -3.092e-03
       1.728e+02      -1.940e-02
       1.741e+02       1.174e-02
       1.753e+02       1.972e-03
       1.765e+02       1.497e-02
       1.777e+02      -1.275e-03
       1.789e+02      -4.420e-05
       1.801e+02      -2.820e-02
       1.813e+02      -1.167e-02
       1.825e+02       5.139e-04
       1.837e+02       2.304e-02
       1.849e+02       1.109e-02
       1.861e+02      -1.409e-02
       1.873e+02       4.548e-03
       1.885e+02       1.831e-02
       1.898e+02      -1.594e-02
       1.910e+02       1.562e-02
       1.922e+02      -2.669e-03
       1.934e+02       8.119e-03
       1.946e+02      -1.041e-02
       1.958e+02      -1.363e-02
       1.970e+02       1.055e-02
       1.982e+02       9.893e-03
       1.994e+02       6.405e-03
       2.006e+02       6.050e-03
       2.018e+02      -3.968e-03
       2.030e+02      -4.410e-03
       2.042e+02       5.732e-04
       2.055e+02       1.649e-02
       2.067e+02       2.015e-02
       2.079e+02      -1.961e-02
       2.091e+02       2.144e-02
       2.103e+02       7.033e-03
       2.115e+02      -6.341e-03
       2.127e+02       8.354e-03
       2.139e+02       1.833e-02
       2.151e+02      -3.819e-03
       2.163e+02       6.524e-03
       2.175e+02       6.174e-04
       2.187e+02       1.064e-03
       2.199e+02      -1.245e-03
       2.212e+02       1.513e-02
       2.224e+02       3.914e-03
       2.236e+02       1.247e-02
       2.248e+02       1.473e-02
       2.260e+02       2.320e-03
       2.272e+02       9.620e-04
       2.284e+02       2.724e-02
       2.296e+02      -1.004e-02
       2.308e+02       3.744e-03
       2.320e+02      -6.191e-03
       2.332e+02       2.155e-02
       2.344e+02      -5.100e-03
       2.357e+02       6.458e-03
       2.369e+02       8.884e-03
       2.381e+02      -3.603e-03
       2.393e+02       5.488e-03
       2.405e+02      -1.055e-02
       2.417e+02       8.970e-04
       2.429e+02       1.138e-02
       2.441e+02       2.763e-03
       2.453e+02      -2.184e-03
       2.465e+02      -6.250e-04
       2.477e+02      -7.862e-03
       2.489e+02      -1.582e-02
       2.501e+02      -9.054e-03
       2.514e+02       3.875e-03
       2.526e+02       2.471e-02
       2.538e+02       3.101e-02
       2.550e+02      -1.641e-02
       2.562e+02      -5.265e-03
       2.574e+02       5.981e-03
       2.586e+02       2.198e-03
       2.598e+02       9.834e-03
       2.610e+02       5.586e-03
       2.622e+02       1.022e-03
       2.634e+02       1.905e-02
       2.646e+02       4.000e-02
       2.658e+02       2.491e-02
       2.671e+02       1.178e-02
       2.683e+02       1.804e-02
       2.695e+02       1.713e-02
       2.707e+02       3.631e-03
       2.719e+02       1.928e-02
       2.731e+02       1.899e-03
       2.743e+02      -2.713e-03
       2.755e+02      -1.814e-03
       2.767e+02      -8.978e-03
       2.779e+02      -3.533e-02
       2.791e+02      -1.068e-02
       2.803e+02      -1.806e-02
       2.815e+02      -9.781e-03
       2.828e+02       7.500e-03
       2.840e+02       2.620e-02
       2.852e+02      -3.274e-02
       2.864e+02      -1.601e-02
       2.876e+02      -1.881e-02
       2.888e+02       6.006e-03
       2.900e+02       5.395e-03
       2.912e+02      -1.476e-02
       2.924e+02      -1.341e-02
       2.936e+02      -6.756e-03
       2.948e+02       7.973e-03
       2.960e+02       2.371e-02
       2.973e+02       4.706e-03
       2.985e+02      -1.289e-02
       2.997e+02       1.021e-02
       3.009e+02       1.876e-02
       3.021e+02      -2.129e-02
       3.033e+02       1.387e-02
       3.045e+02      -4.802e-03
       3.057e+02      -2.840e-02
       3.069e+02       4.259e-03
       3.081e+02      -6.330e-03
       3.093e+02      -1.205e-02
       3.105e+02      -1.164e-02
       3.117e+02      -1.268e-02
       3.130e+02      -1.302e-02
       3.142e+02      -5.545e-03
       3.154e+02       2.717e-03
       3.166e+02       3.429e-03
       3.178e+02       1.503e-04
       3.190e+02      -1.684e-03
       3.202e+02      -1.156e-02
       3.214e+02      -3.032e-02
       3.226e+02       1.300e-02
       3.238e+02      -1.115e-02
       3.250e+02      -1.053e-02
       3.262e+02      -3.431e-02
       3.274e+02      -5.371e-03
       3.287e+02       2.439e-02
       3.299e+02      -2.688e-02
       3.311e+02      -9.981e-03
       3.323e+02       5.722e-04
       3.335e+02      -1.904e-02
       3.347e+02      -1.877e-02
       3.359e+02       2.224e-03
       3.371e+02      -2.791e-03
       3.383e+02       2.440e-03
       3.395e+02      -7.742e-03
       3.407e+02       4.452e-03
       3.419e+02       5.330e-03
       3.431e+02      -2.174e-02
       3.444e+02      -1.026e-02
       3.456e+02       3.346e-05
       3.468e+02      -2.885e-03
       3.480e+02      -3.201e-02
       3.492e+02      -3.152e-02
       3.504e+02      -7.320e-03
       3.516e+02      -1.481e-02
       3.528e+02      -2.920e-02
       3.540e+02       1.057e-02
       3.552e+02      -1.349e-02
       3.564e+02      -1.189e-02
       3.576e+02      -1.138e-02
       3.588e+02      -3.225e-02
       3.601e+02       3.034e-02
       3.613e+02       1.278e-02
       3.625e+02      -3.329e-02
       3.637e+02      -8.950e-04
       3.649e+02      -1.563e-02
       3.661e+02      -2.449e-02
       3.673e+02      -7.883e-03
       3.685e+02      -2.668e-03
       3.697e+02       8.501e-03
       3.709e+02      -1.627e-02
       3.721e+02       7.612e-03
       3.733e+02      -1.800e-02
       3.746e+02      -3.999e-03
       3.758e+02      -6.664e-03
       3.770e+02      -8.418e-03
       3.782e+02      -2.134e-02
       3.794e+02      -2.387e-02
       3.806e+02      -1.471e-02
       3.818e+02      -3.887e-02
       3.830e+02      -2.628e-02
       3.842e+02      -3.597e-02
       3.854e+02      -2.052e-02
       3.866e+02      -2.779e-02
       3.878e+02      -1.116e-02
       3.890e+02      -1.963e-02
       3.903e+02       7.205e-03
       3.915e+02       1.554e-02
       3.927e+02       1.298e-02
       3.939e+02      -4.842e-03
       3.951e+02      -8.136e-02
       3.963e+02      -6.032e-02
       3.975e+02      -7.015e-02
       3.987e+02      -9.639e-02
       3.999e+02      -8.135e-02
       4.011e+02      -1.272e-01
       4.023e+02      -3.893e-02
       4.035e+02      -9.036e-03
       4.047e+02      -1.961e-02
       4.060e+02      -1.180e-02
       4.072e+02      -2.326e-02
       4.084e+02      -4.574e-02
       4.096e+02      -1.112e-02
       4.108e+02       5.109e-03
       4.120e+02      -9.188e-03
       4.132e+02      -1.319e-02
       4.144e+02      -2.413e-02
       4.156e+02      -2.916e-02
       4.168e+02      -1.605e-02
       4.180e+02      -1.642e-02
       4.192e+02      -4.409e-02
       4.204e+02      -3.725e-02
       4.217e+02      -1.125e-02
       4.229e+02      -2.169e-02
       4.241e+02      -1.168e-02
       4.253e+02      -6.665e-03
       4.265e+02      -3.693e-02
       4.277e+02      -2.118e-02
       4.289e+02      -2.046e-02
       4.301e+02      -2.203e-02
       4.313e+02      -7.638e-03
       4.325e+02      -2.444e-02
       4.337e+02      -2.823e-02
       4.349e+02      -4.315e-02
       4.362e+02       1.140e-04
       4.374e+02      -2.891e-02
       4.386e+02      -4.071e-02
       4.398e+02      -2.072e-02
       4.410e+02      -3.595e-02
       4.422e+02      -2.037e-02
       4.434e+02      -2.082e-02
       4.446e+02      -1.704e-02
       4.458e+02      -1.517e-02
       4.470e+02      -1.506e-02
       4.482e+02      -2.420e-02
       4.494e+02      -3.117e-02
       4.506e+02      -5.534e-02
       4.519e+02      -2.153e-02
       4.531e+02      -8.956e-03
       4.543e+02      -3.211e-02
       4.555e+02      -2.398e-02
       4.567e+02      -4.483e-02
       4.579e+02       1.567e-03
       4.591e+02      -6.164e-02
       4.603e+02      -3.302e-02
       4.615e+02      -2.356e-02
       4.627e+02      -4.325e-02
       4.639e+02      -2.476e-03
       4.651e+02      -3.060e-02
       4.663e+02      -3.800e-02
       4.676e+02      -3.969e-02
       4.688e+02      -2.772e-02
       4.700e+02      -8.818e-03
       4.712e+02      -4.083e-02
       4.724e+02      -4.327e-02
       4.736e+02      -3.549e-02
       4.748e+02      -4.188e-02
       4.760e+02      -4.247e-02
       4.772e+02      -2.196e-02
       4.784e+02      -4.808e-02
       4.796e+02      -3.973e-02
       4.808e+02      -3.188e-02
       4.820e+02      -1.667e-02
       4.833e+02      -4.972e-02
       4.845e+02      -4.403e-02
       4.857e+02      -3.583e-02
       4.869e+02      -4.525e-02
       4.881e+02      -3.482e-02
       4.893e+02      -3.323e-02
       4.905e+02      -3.074e-02
       4.917e+02      -6.057e-02
       4.929e+02      -4.692e-02
       4.941e+02      -4.410e-02
       4.953e+02      -4.272e-02
       4.965e+02      -5.659e-02
       4.978e+02      -5.006e-02
       4.990e+02      -5.898e-02
       5.002e+02      -2.525e-02
       5.014e+02      -4.014e-02
       5.026e+02      -3.797e-02
       5.038e+02      -3.780e-02
       5.050e+02      -5.199e-02
       5.062e+02      -4.825e-02
       5.074e+02      -7.018e-02
       5.086e+02      -6.061e-02
       5.098e+02      -3.303e-02
       5.110e+02      -4.534e-02
       5.122e+02      -3.074e-02
       5.135e+02      -6.726e-02
       5.147e+02      -2.267e-02
       5.159e+02      -3.964e-02
       5.171e+02      -5.079e-02
       5.183e+02      -5.220e-02
       5.195e+02      -4.175e-02
       5.207e+02      -5.867e-02
       5.219e+02      -5.066e-02
       5.231e+02      -5.337e-02
       5.243e+02      -7.228e-02
       5.255e+02      -4.952e-02
       5.267e+02      -5.858e-02
       5.279e+02      -5.752e-02
       5.292e+02      -4.484e-02
       5.304e+02      -6.811e-02
       5.316e+02      -7.487e-02
       5.328e+02      -5.766e-02
       5.340e+02      -6.551e-02
       5.352e+02      -8.002e-02
       5.364e+02      -7.516e-02
       5.376e+02      -7.611e-02
       5.388e+02      -7.856e-02
       5.400e+02      -7.443e-02
       5.412e+02      -5.177e-02
       5.424e+02      -7.629e-02
       5.436e+02      -5.362e-02
       5.449e+02      -6.758e-02
       5.461e+02      -7.632e-02
       5.473e+02      -7.118e-02
       5.485e+02      -8.025e-02
       5.497e+02      -9.033e-02
       5.509e+02      -7.523e-02
       5.521e+02      -8.293e-02
       5.533e+02      -8.360e-02
       5.545e+02      -6.210e-02
       5.557e+02      -7.595e-02
       5.569e+02      -7.598e-02
       5.581e+02      -7.486e-02
       5.593e+02      -7.523e-02
       5.606e+02      -7.522e-02
       5.618e+02      -5.237e-02
       5.630e+02      -9.144e-02
       5.642e+02      -7.036e-02
       5.654e+02      -9.348e-02
       5.666e+02      -5.051e-02
       5.678e+02      -9.971e-02
       5.690e+02      -6.748e-02
       5.702e+02      -8.964e-02
       5.714e+02      -6.730e-02
       5.726e+02      -6.052e-02
       5.738e+02      -7.920e-02
       5.751e+02      -8.979e-02
       5.763e+02      -9.824e-02
       5.775e+02      -1.066e-01
       5.787e+02      -9.525e-02
       5.799e+02      -8.458e-02
       5.811e+02      -8.803e-02
       5.823e+02      -7.833e-02
       5.835e+02      -6.804e-02
       5.847e+02      -9.628e-02
       5.859e+02      -9.120e-02
       5.871e+02      -8.633e-02
       5.883e+02      -1.205e-01
       5.895e+02      -9.962e-02
       5.908e+02      -8.447e-02
       5.920e+02      -8.221e-02
       5.932e+02      -1.161e-01
       5.944e+02      -1.133e-01
       5.956e+02      -9.756e-02
       5.968e+02      -1.089e-01
       5.980e+02      -9.581e-02
       5.992e+02      -1.044e-01
       6.004e+02      -1.075e-01
       6.016e+02      -1.328e-01
       6.028e+02      -1.038e-01
       6.040e+02      -1.422e-01
       6.052e+02      -1.158e-01
       6.065e+02      -1.050e-01
       6.077e+02      -1.077e-01
       6.089e+02      -1.172e-01
       6.101e+02      -1.184e-01
       6.113e+02      -1.178e-01
       6.125e+02      -1.061e-01
       6.137e+02      -1.182e-01
       6.149e+02      -1.095e-01
       6.161e+02      -1.194e-01
       6.173e+02      -1.134e-01
       6.185e+02      -1.058e-01
       6.197e+02      -1.194e-01
       6.209e+02      -1.066e-01
       6.222e+02      -1.308e-01
       6.234e+02      -1.231e-01
       6.246e+02      -1.176e-01
       6.258e+02      -1.094e-01
       6.270e+02      -1.250e-01
       6.282e+02      -1.342e-01
       6.294e+02      -1.350e-01
       6.306e+02      -1.132e-01
       6.318e+02      -1.281e-01