      17  PHL2525bn6 STCOR 0   PHL2525_cleanbaseavg.fits
GALACTIC
coordinates (deg)    8.068236e+01 -7.231680e+01
VLSR          Ta*
      -5.905e+02       2.200e-02
      -5.893e+02       2.413e-02
      -5.881e+02       8.037e-03
      -5.869e+02       2.005e-02
      -5.857e+02       9.183e-03
      -5.845e+02       2.928e-02
      -5.833e+02       3.337e-02
      -5.820e+02       1.455e-02
      -5.808e+02       1.659e-02
      -5.796e+02       3.350e-02
      -5.784e+02       2.180e-02
      -5.772e+02       1.838e-02
      -5.760e+02       1.861e-02
      -5.748e+02       2.911e-02
      -5.736e+02       2.607e-02
      -5.724e+02       3.555e-02
      -5.712e+02       1.417e-02
      -5.700e+02       1.631e-02
      -5.688e+02       2.159e-02
      -5.676e+02       3.757e-03
      -5.663e+02       2.806e-02
      -5.651e+02       3.042e-02
      -5.639e+02       2.252e-02
      -5.627e+02       1.537e-02
      -5.615e+02       2.153e-02
      -5.603e+02       1.019e-02
      -5.591e+02       1.215e-02
      -5.579e+02       7.951e-03
      -5.567e+02       2.339e-02
      -5.555e+02       5.933e-03
      -5.543e+02       1.633e-02
      -5.531e+02       1.902e-02
      -5.519e+02       1.028e-02
      -5.506e+02      -1.561e-03
      -5.494e+02       8.659e-03
      -5.482e+02       2.120e-03
      -5.470e+02       1.018e-02
      -5.458e+02       4.464e-03
      -5.446e+02      -1.290e-02
      -5.434e+02       2.033e-02
      -5.422e+02       2.460e-03
      -5.410e+02       3.202e-02
      -5.398e+02      -5.302e-03
      -5.386e+02      -2.203e-02
      -5.374e+02      -8.649e-03
      -5.362e+02       7.834e-03
      -5.349e+02      -1.312e-03
      -5.337e+02       1.412e-02
      -5.325e+02       1.555e-02
      -5.313e+02      -6.726e-03
      -5.301e+02       9.906e-03
      -5.289e+02       1.919e-03
      -5.277e+02      -5.988e-03
      -5.265e+02      -1.772e-02
      -5.253e+02      -1.275e-02
      -5.241e+02       8.870e-03
      -5.229e+02       3.194e-03
      -5.217e+02      -1.079e-02
      -5.205e+02       3.869e-03
      -5.192e+02      -7.220e-03
      -5.180e+02       1.382e-02
      -5.168e+02      -2.095e-03
      -5.156e+02       2.830e-02
      -5.144e+02       1.520e-03
      -5.132e+02       1.067e-02
      -5.120e+02       6.864e-03
      -5.108e+02      -6.917e-03
      -5.096e+02       4.973e-03
      -5.084e+02      -2.079e-02
      -5.072e+02       4.856e-03
      -5.060e+02      -2.934e-03
      -5.047e+02      -6.915e-03
      -5.035e+02       6.045e-03
      -5.023e+02       1.082e-02
      -5.011e+02      -3.014e-02
      -4.999e+02      -2.992e-02
      -4.987e+02       5.448e-03
      -4.975e+02       8.976e-03
      -4.963e+02       6.958e-03
      -4.951e+02      -1.337e-03
      -4.939e+02       2.255e-03
      -4.927e+02      -3.077e-02
      -4.915e+02      -2.874e-02
      -4.903e+02       3.162e-03
      -4.890e+02       4.548e-03
      -4.878e+02       2.525e-02
      -4.866e+02      -7.807e-03
      -4.854e+02      -4.419e-04
      -4.842e+02       1.168e-02
      -4.830e+02      -1.139e-02
      -4.818e+02      -2.723e-03
      -4.806e+02      -9.609e-03
      -4.794e+02      -1.995e-03
      -4.782e+02       1.428e-03
      -4.770e+02      -1.954e-03
      -4.758e+02       1.217e-03
      -4.746e+02      -7.591e-03
      -4.733e+02       3.566e-03
      -4.721e+02      -4.589e-04
      -4.709e+02      -2.276e-03
      -4.697e+02       3.377e-03
      -4.685e+02      -1.464e-02
      -4.673e+02       3.240e-02
      -4.661e+02       2.788e-02
      -4.649e+02      -5.730e-03
      -4.637e+02       2.114e-02
      -4.625e+02      -1.544e-03
      -4.613e+02       2.431e-03
      -4.601e+02      -1.353e-03
      -4.589e+02       2.501e-02
      -4.576e+02      -2.944e-03
      -4.564e+02      -1.215e-02
      -4.552e+02       8.673e-03
      -4.540e+02      -2.594e-02
      -4.528e+02      -1.627e-03
      -4.516e+02       2.223e-02
      -4.504e+02       1.364e-02
      -4.492e+02      -6.947e-03
      -4.480e+02      -3.040e-03
      -4.468e+02      -1.892e-03
      -4.456e+02      -4.710e-03
      -4.444e+02      -1.866e-03
      -4.431e+02       1.511e-02
      -4.419e+02       2.016e-02
      -4.407e+02       2.010e-02
      -4.395e+02      -2.420e-02
      -4.383e+02       2.756e-02
      -4.371e+02       2.439e-04
      -4.359e+02       2.594e-02
      -4.347e+02      -2.038e-03
      -4.335e+02       1.463e-02
      -4.323e+02      -1.357e-02
      -4.311e+02      -4.541e-03
      -4.299e+02      -4.372e-03
      -4.287e+02       1.565e-02
      -4.274e+02      -9.193e-03
      -4.262e+02       7.630e-03
      -4.250e+02      -1.881e-02
      -4.238e+02       7.604e-03
      -4.226e+02      -7.709e-03
      -4.214e+02      -1.697e-03
      -4.202e+02      -1.333e-02
      -4.190e+02       1.030e-03
      -4.178e+02       5.040e-03
      -4.166e+02      -1.971e-03
      -4.154e+02       6.560e-03
      -4.142e+02       9.310e-05
      -4.130e+02       1.920e-02
      -4.117e+02      -6.845e-03
      -4.105e+02      -7.542e-03
      -4.093e+02      -8.573e-04
      -4.081e+02       2.561e-03
      -4.069e+02       1.196e-02
      -4.057e+02       2.991e-03
      -4.045e+02      -1.204e-02
      -4.033e+02      -6.394e-03
      -4.021e+02       5.222e-03
      -4.009e+02      -3.542e-03
      -3.997e+02       1.519e-02
      -3.985e+02      -1.908e-02
      -3.973e+02       7.590e-03
      -3.960e+02      -1.678e-02
      -3.948e+02       9.183e-03
      -3.936e+02      -9.492e-03
      -3.924e+02      -2.046e-03
      -3.912e+02       1.157e-03
      -3.900e+02      -2.717e-03
      -3.888e+02      -9.657e-03
      -3.876e+02       4.330e-03
      -3.864e+02      -4.190e-02
      -3.852e+02       9.247e-03
      -3.840e+02       6.065e-03
      -3.828e+02      -3.601e-03
      -3.815e+02       2.516e-03
      -3.803e+02      -1.179e-03
      -3.791e+02       6.523e-03
      -3.779e+02      -8.686e-03
      -3.767e+02       1.420e-02
      -3.755e+02       8.060e-03
      -3.743e+02      -2.010e-02
      -3.731e+02       1.654e-03
      -3.719e+02       6.841e-03
      -3.707e+02       5.770e-03
      -3.695e+02      -2.143e-02
      -3.683e+02      -1.686e-02
      -3.671e+02       9.088e-03
      -3.658e+02       2.769e-03
      -3.646e+02       3.515e-03
      -3.634e+02      -4.527e-04
      -3.622e+02       1.169e-02
      -3.610e+02      -1.485e-02
      -3.598e+02       8.367e-03
      -3.586e+02      -2.319e-02
      -3.574e+02       7.846e-03
      -3.562e+02      -1.374e-02
      -3.550e+02      -3.071e-03
      -3.538e+02       9.876e-03
      -3.526e+02      -7.259e-03
      -3.514e+02       2.516e-03
      -3.501e+02       5.385e-03
      -3.489e+02      -2.530e-02
      -3.477e+02      -1.319e-02
      -3.465e+02      -1.607e-02
      -3.453e+02      -7.775e-03
      -3.441e+02      -9.337e-03
      -3.429e+02      -1.292e-02
      -3.417e+02       7.803e-03
      -3.405e+02       9.821e-03
      -3.393e+02      -1.026e-02
      -3.381e+02      -6.691e-03
      -3.369e+02      -2.558e-02
      -3.357e+02       1.084e-02
      -3.344e+02      -7.202e-03
      -3.332e+02      -5.410e-03
      -3.320e+02       1.428e-03
      -3.308e+02      -8.892e-03
      -3.296e+02       1.504e-02
      -3.284e+02      -1.941e-02
      -3.272e+02      -1.235e-02
      -3.260e+02      -1.329e-02
      -3.248e+02       2.466e-03
      -3.236e+02      -7.884e-03
      -3.224e+02       1.493e-02
      -3.212e+02       1.369e-02
      -3.200e+02       9.454e-03
      -3.187e+02       6.950e-03
      -3.175e+02      -1.266e-02
      -3.163e+02       2.983e-02
      -3.151e+02       3.134e-04
      -3.139e+02       5.847e-03
      -3.127e+02       5.794e-03
      -3.115e+02       1.150e-02
      -3.103e+02      -5.586e-04
      -3.091e+02      -2.094e-02
      -3.079e+02       6.441e-03
      -3.067e+02      -1.222e-03
      -3.055e+02       4.283e-03
      -3.042e+02      -1.737e-02
      -3.030e+02       7.070e-03
      -3.018e+02       3.309e-03
      -3.006e+02       1.194e-03
      -2.994e+02      -2.970e-02
      -2.982e+02       1.865e-03
      -2.970e+02       3.609e-03
      -2.958e+02      -2.798e-03
      -2.946e+02      -1.048e-02
      -2.934e+02      -1.615e-02
      -2.922e+02      -1.163e-02
      -2.910e+02      -1.445e-02
      -2.898e+02      -7.988e-04
      -2.885e+02      -4.713e-03
      -2.873e+02      -1.110e-02
      -2.861e+02       8.791e-03
      -2.849e+02       9.708e-03
      -2.837e+02       1.545e-02
      -2.825e+02       1.981e-02
      -2.813e+02      -1.033e-02
      -2.801e+02      -2.682e-02
      -2.789e+02       1.721e-04
      -2.777e+02      -1.236e-02
      -2.765e+02       1.154e-02
      -2.753e+02      -2.615e-02
      -2.741e+02       1.248e-02
      -2.728e+02      -5.992e-03
      -2.716e+02      -7.133e-04
      -2.704e+02       1.492e-02
      -2.692e+02       2.133e-03
      -2.680e+02       1.228e-02
      -2.668e+02      -1.518e-03
      -2.656e+02       2.390e-02
      -2.644e+02       1.164e-02
      -2.632e+02       2.635e-03
      -2.620e+02       6.889e-03
      -2.608e+02       1.207e-02
      -2.596e+02      -1.075e-02
      -2.584e+02      -1.564e-02
      -2.571e+02       1.262e-02
      -2.559e+02       9.675e-03
      -2.547e+02      -1.496e-02
      -2.535e+02       5.373e-03
      -2.523e+02       1.430e-02
      -2.511e+02      -2.280e-03
      -2.499e+02      -1.767e-02
      -2.487e+02      -1.804e-03
      -2.475e+02      -2.687e-02
      -2.463e+02       2.077e-02
      -2.451e+02       1.984e-02
      -2.439e+02      -2.828e-03
      -2.426e+02       7.133e-04
      -2.414e+02      -1.253e-02
      -2.402e+02       1.341e-02
      -2.390e+02       1.560e-02
      -2.378e+02       1.147e-02
      -2.366e+02       1.040e-02
      -2.354e+02       9.156e-03
      -2.342e+02      -5.907e-03
      -2.330e+02       2.985e-02
      -2.318e+02       1.100e-02
      -2.306e+02       1.969e-03
      -2.294e+02      -1.031e-02
      -2.282e+02       6.175e-03
      -2.269e+02      -1.925e-03
      -2.257e+02       2.510e-03
      -2.245e+02      -1.229e-02
      -2.233e+02      -2.632e-03
      -2.221e+02      -4.657e-03
      -2.209e+02      -1.157e-02
      -2.197e+02      -3.922e-04
      -2.185e+02       1.785e-02
      -2.173e+02      -1.909e-02
      -2.161e+02       1.083e-02
      -2.149e+02      -7.514e-03
      -2.137e+02      -7.116e-03
      -2.125e+02       2.569e-03
      -2.112e+02      -1.024e-02
      -2.100e+02      -6.101e-03
      -2.088e+02      -2.054e-02
      -2.076e+02       1.637e-02
      -2.064e+02       2.870e-03
      -2.052e+02       1.371e-02
      -2.040e+02      -8.138e-03
      -2.028e+02       1.288e-02
      -2.016e+02      -1.373e-02
      -2.004e+02       5.541e-03
      -1.992e+02       1.589e-02
      -1.980e+02       2.752e-03
      -1.968e+02       2.042e-02
      -1.955e+02       7.481e-03
      -1.943e+02      -1.412e-03
      -1.931e+02      -6.689e-04
      -1.919e+02      -6.704e-03
      -1.907e+02      -4.513e-03
      -1.895e+02       1.612e-02
      -1.883e+02       7.499e-03
      -1.871e+02       9.309e-03
      -1.859e+02      -4.972e-03
      -1.847e+02      -9.981e-03
      -1.835e+02       1.861e-03
      -1.823e+02       3.910e-03
      -1.810e+02      -4.649e-03
      -1.798e+02       9.546e-03
      -1.786e+02       1.042e-02
      -1.774e+02      -8.629e-03
      -1.762e+02      -9.765e-04
      -1.750e+02       1.613e-02
      -1.738e+02       1.329e-03
      -1.726e+02      -1.138e-02
      -1.714e+02      -5.866e-03
      -1.702e+02      -5.090e-03
      -1.690e+02       1.710e-02
      -1.678e+02      -1.417e-02
      -1.666e+02       2.348e-02
      -1.653e+02       2.270e-02
      -1.641e+02       9.338e-03
      -1.629e+02      -9.704e-03
      -1.617e+02       4.415e-03
      -1.605e+02      -2.026e-02
      -1.593e+02       1.529e-02
      -1.581e+02       1.786e-02
      -1.569e+02      -2.471e-03
      -1.557e+02      -8.832e-03
      -1.545e+02      -9.226e-03
      -1.533e+02      -2.053e-02
      -1.521e+02       1.340e-02
      -1.509e+02       2.189e-02
      -1.496e+02       2.081e-02
      -1.484e+02       1.872e-03
      -1.472e+02       1.699e-02
      -1.460e+02       2.638e-03
      -1.448e+02       2.524e-03
      -1.436e+02       1.711e-02
      -1.424e+02       2.649e-02
      -1.412e+02       1.533e-02
      -1.400e+02       1.309e-02
      -1.388e+02       9.071e-03
      -1.376e+02       1.202e-02
      -1.364e+02      -1.684e-02
      -1.352e+02      -8.835e-03
      -1.339e+02       8.335e-03
      -1.327e+02      -1.958e-02
      -1.315e+02       9.172e-04
      -1.303e+02       3.445e-03
      -1.291e+02       4.902e-03
      -1.279e+02       1.387e-02
      -1.267e+02       7.039e-03
      -1.255e+02       1.083e-03
      -1.243e+02      -8.546e-03
      -1.231e+02      -1.717e-03
      -1.219e+02      -3.200e-03
      -1.207e+02       1.642e-02
      -1.195e+02       6.180e-03
      -1.182e+02      -6.409e-03
      -1.170e+02      -4.208e-03
      -1.158e+02      -1.052e-02
      -1.146e+02      -9.126e-03
      -1.134e+02      -6.747e-03
      -1.122e+02      -2.830e-04
      -1.110e+02      -1.031e-02
      -1.098e+02      -6.973e-04
      -1.086e+02       1.045e-02
      -1.074e+02      -1.398e-02
      -1.062e+02      -1.670e-02
      -1.050e+02      -1.705e-02
      -1.037e+02       3.712e-03
      -1.025e+02       6.413e-03
      -1.013e+02      -7.827e-04
      -1.001e+02      -3.849e-03
      -9.892e+01      -1.037e-02
      -9.771e+01      -4.677e-03
      -9.650e+01       1.551e-02
      -9.529e+01      -9.395e-03
      -9.409e+01      -1.063e-02
      -9.288e+01       3.230e-03
      -9.167e+01      -8.579e-03
      -9.046e+01       8.502e-03
      -8.925e+01      -6.078e-03
      -8.805e+01       1.536e-02
      -8.684e+01       1.699e-02
      -8.563e+01       2.283e-02
      -8.442e+01      -1.927e-02
      -8.322e+01       5.999e-03
      -8.201e+01      -8.912e-03
      -8.080e+01      -9.009e-03
      -7.959e+01      -2.700e-02
      -7.838e+01       1.930e-03
      -7.718e+01      -1.046e-02
      -7.597e+01      -1.644e-03
      -7.476e+01       2.725e-03
      -7.355e+01       2.603e-02
      -7.235e+01       4.920e-04
      -7.114e+01       1.032e-02
      -6.993e+01       1.309e-02
      -6.872e+01      -1.316e-02
      -6.751e+01       6.658e-03
      -6.631e+01       1.750e-03
      -6.510e+01       1.066e-02
      -6.389e+01       6.066e-03
      -6.268e+01       1.409e-02
      -6.147e+01       1.694e-02
      -6.027e+01       2.477e-02
      -5.906e+01       2.329e-02
      -5.785e+01       1.054e-02
      -5.664e+01       3.236e-02
      -5.544e+01       2.065e-02
      -5.423e+01       4.121e-02
      -5.302e+01       1.394e-02
      -5.181e+01       3.231e-02
      -5.060e+01       5.636e-02
      -4.940e+01       5.256e-02
      -4.819e+01       5.661e-02
      -4.698e+01       5.736e-02
      -4.577e+01       8.213e-02
      -4.457e+01       7.410e-02
      -4.336e+01       1.022e-01
      -4.215e+01       1.124e-01
      -4.094e+01       1.052e-01
      -3.973e+01       1.174e-01
      -3.853e+01       1.422e-01
      -3.732e+01       1.483e-01
      -3.611e+01       1.670e-01
      -3.490e+01       1.782e-01
      -3.369e+01       2.014e-01
      -3.249e+01       2.061e-01
      -3.128e+01       2.240e-01
      -3.007e+01       2.275e-01
      -2.886e+01       2.694e-01
      -2.766e+01       2.935e-01
      -2.645e+01       3.187e-01
      -2.524e+01       3.547e-01
      -2.403e+01       4.186e-01
      -2.282e+01       4.976e-01
      -2.162e+01       6.394e-01
      -2.041e+01       7.811e-01
      -1.920e+01       9.660e-01
      -1.799e+01       1.212e+00
      -1.679e+01       1.479e+00
      -1.558e+01       1.851e+00
      -1.437e+01       2.163e+00
      -1.316e+01       2.510e+00
      -1.195e+01       2.855e+00
      -1.075e+01       3.195e+00
      -9.538e+00       3.535e+00
      -8.330e+00       3.929e+00
      -7.122e+00       4.235e+00
      -5.915e+00       4.585e+00
      -4.707e+00       4.962e+00
      -3.499e+00       5.410e+00
      -2.291e+00       5.922e+00
      -1.083e+00       6.520e+00
       1.245e-01       6.681e+00
       1.332e+00       5.717e+00
       2.540e+00       4.392e+00
       3.748e+00       3.214e+00
       4.956e+00       2.342e+00
       6.164e+00       1.739e+00
       7.371e+00       1.355e+00
       8.579e+00       1.015e+00
       9.787e+00       7.794e-01
       1.099e+01       6.128e-01
       1.220e+01       4.416e-01
       1.341e+01       3.336e-01
       1.462e+01       2.659e-01
       1.583e+01       1.877e-01
       1.703e+01       1.621e-01
       1.824e+01       1.241e-01
       1.945e+01       1.206e-01
       2.066e+01       5.527e-02
       2.187e+01       6.863e-02
       2.307e+01       5.310e-02
       2.428e+01       4.583e-02
       2.549e+01       3.601e-02
       2.670e+01       9.545e-03
       2.790e+01       1.574e-02
       2.911e+01       7.536e-03
       3.032e+01       1.607e-02
       3.153e+01       1.888e-02
       3.274e+01       1.057e-02
       3.394e+01       2.697e-03
       3.515e+01       6.189e-03
       3.636e+01       6.449e-03
       3.757e+01      -8.238e-04
       3.878e+01      -7.448e-04
       3.998e+01       4.772e-03
       4.119e+01      -7.650e-03
       4.240e+01       1.473e-02
       4.361e+01      -8.006e-04
       4.481e+01      -1.028e-02
       4.602e+01      -1.211e-02
       4.723e+01      -1.273e-02
       4.844e+01       6.060e-04
       4.965e+01      -4.114e-02
       5.085e+01      -1.470e-03
       5.206e+01      -1.661e-02
       5.327e+01      -1.534e-03
       5.448e+01       6.900e-03
       5.568e+01      -1.533e-02
       5.689e+01       9.314e-03
       5.810e+01      -7.275e-03
       5.931e+01      -3.664e-02
       6.052e+01      -1.975e-02
       6.172e+01      -1.357e-02
       6.293e+01      -2.859e-02
       6.414e+01       4.854e-03
       6.535e+01      -2.196e-02
       6.656e+01      -1.617e-02
       6.776e+01      -2.564e-02
       6.897e+01      -3.791e-03
       7.018e+01       1.639e-03
       7.139e+01      -8.021e-03
       7.259e+01      -1.365e-02
       7.380e+01       7.757e-03
       7.501e+01      -1.380e-02
       7.622e+01       1.816e-02
       7.743e+01      -1.642e-02
       7.863e+01      -1.290e-02
       7.984e+01       1.317e-02
       8.105e+01      -8.723e-03
       8.226e+01      -2.475e-02
       8.346e+01      -7.161e-03
       8.467e+01       1.293e-02
       8.588e+01      -6.316e-03
       8.709e+01      -1.514e-02
       8.830e+01      -1.723e-02
       8.950e+01      -6.893e-03
       9.071e+01      -7.685e-03
       9.192e+01      -5.984e-03
       9.313e+01      -2.741e-03
       9.434e+01      -1.308e-02
       9.554e+01      -1.182e-02
       9.675e+01      -2.045e-03
       9.796e+01      -2.050e-02
       9.917e+01      -2.545e-02
       1.004e+02       3.667e-03
       1.016e+02       1.754e-02
       1.028e+02       1.108e-02
       1.040e+02      -4.238e-03
       1.052e+02      -1.240e-02
       1.064e+02       4.487e-03
       1.076e+02      -6.692e-03
       1.088e+02      -1.947e-02
       1.100e+02      -2.304e-02
       1.112e+02      -2.323e-02
       1.125e+02       2.410e-03
       1.137e+02      -7.809e-03
       1.149e+02      -1.113e-02
       1.161e+02       2.914e-03
       1.173e+02       1.553e-03
       1.185e+02      -6.671e-03
       1.197e+02      -3.691e-03
       1.209e+02      -1.577e-02
       1.221e+02      -1.992e-02
       1.233e+02      -4.620e-03
       1.245e+02       1.003e-02
       1.257e+02       1.668e-02
       1.269e+02       7.935e-03
       1.282e+02       1.048e-02
       1.294e+02      -2.337e-04
       1.306e+02      -9.411e-03
       1.318e+02      -1.603e-02
       1.330e+02       3.215e-03
       1.342e+02      -4.240e-03
       1.354e+02      -4.228e-04
       1.366e+02       2.846e-03
       1.378e+02      -4.869e-02
       1.390e+02       1.184e-02
       1.402e+02       2.381e-03
       1.414e+02       7.667e-03
       1.426e+02       1.329e-02
       1.439e+02       1.084e-02
       1.451e+02       3.892e-03
       1.463e+02      -4.058e-03
       1.475e+02      -1.280e-03
       1.487e+02      -9.636e-03
       1.499e+02       1.178e-02
       1.511e+02       1.679e-03
       1.523e+02      -4.809e-03
       1.535e+02      -1.608e-02
       1.547e+02      -3.097e-02
       1.559e+02      -4.350e-03
       1.571e+02       2.764e-02
       1.584e+02      -2.378e-03
       1.596e+02      -8.912e-03
       1.608e+02      -8.635e-03
       1.620e+02      -1.464e-02
       1.632e+02      -1.445e-02
       1.644e+02       8.094e-03
       1.656e+02      -1.102e-02
       1.668e+02      -1.533e-02
       1.680e+02       8.568e-04
       1.692e+02       1.125e-03
       1.704e+02       1.398e-02
       1.716e+02       2.833e-02
       1.728e+02      -1.233e-02
       1.741e+02       1.155e-02
       1.753e+02      -9.301e-04
       1.765e+02      -2.346e-02
       1.777e+02      -3.614e-03
       1.789e+02       9.787e-03
       1.801e+02       2.523e-03
       1.813e+02      -7.696e-03
       1.825e+02       2.686e-02
       1.837e+02       8.120e-03
       1.849e+02       2.027e-02
       1.861e+02      -1.632e-02
       1.873e+02       1.242e-02
       1.885e+02      -6.827e-04
       1.898e+02       2.001e-03
       1.910e+02       7.458e-03
       1.922e+02       4.839e-03
       1.934e+02       6.707e-04
       1.946e+02      -4.294e-03
       1.958e+02       1.533e-02
       1.970e+02       2.437e-02
       1.982e+02      -2.230e-03
       1.994e+02       1.911e-02
       2.006e+02       5.811e-03
       2.018e+02       2.214e-03
       2.030e+02      -2.614e-03
       2.042e+02       2.440e-02
       2.055e+02       1.102e-02
       2.067e+02      -2.320e-03
       2.079e+02       1.453e-06
       2.091e+02       2.787e-04
       2.103e+02       9.576e-03
       2.115e+02      -2.282e-02
       2.127e+02      -3.471e-03
       2.139e+02       1.708e-02
       2.151e+02      -4.416e-03
       2.163e+02       1.985e-02
       2.175e+02       7.056e-03
       2.187e+02       7.490e-05
       2.199e+02       1.100e-02
       2.212e+02      -5.173e-03
       2.224e+02       9.328e-03
       2.236e+02      -2.786e-03
       2.248e+02      -1.717e-03
       2.260e+02       2.151e-03
       2.272e+02      -5.283e-03
       2.284e+02      -1.929e-02
       2.296e+02       1.893e-02
       2.308e+02      -9.003e-03
       2.320e+02       4.506e-03
       2.332e+02       1.544e-02
       2.344e+02      -1.041e-02
       2.357e+02      -1.461e-02
       2.369e+02       5.281e-03
       2.381e+02       1.268e-02
       2.393e+02       2.086e-02
       2.405e+02       1.769e-02
       2.417e+02       3.673e-03
       2.429e+02       2.032e-02
       2.441e+02       1.610e-02
       2.453e+02      -9.215e-03
       2.465e+02       2.182e-02
       2.477e+02       8.133e-03
       2.489e+02       2.659e-03
       2.501e+02      -2.527e-03
       2.514e+02      -1.637e-02
       2.526e+02       8.809e-03
       2.538e+02      -2.855e-03
       2.550e+02      -4.450e-03
       2.562e+02       8.932e-03
       2.574e+02       1.709e-03
       2.586e+02       1.971e-02
       2.598e+02      -1.033e-02
       2.610e+02       6.266e-03
       2.622e+02       2.769e-02
       2.634e+02       1.859e-03
       2.646e+02       2.634e-02
       2.658e+02       1.950e-03
       2.671e+02       1.360e-02
       2.683e+02       1.115e-02
       2.695e+02      -6.289e-03
       2.707e+02      -1.331e-02
       2.719e+02      -1.471e-02
       2.731e+02      -1.871e-02
       2.743e+02       2.594e-03
       2.755e+02      -3.126e-02
       2.767e+02       6.810e-03
       2.779e+02      -2.011e-02
       2.791e+02      -1.914e-03
       2.803e+02       1.264e-02
       2.815e+02      -9.666e-03
       2.828e+02      -2.800e-03
       2.840e+02       1.754e-03
       2.852e+02      -1.745e-03
       2.864e+02       8.214e-03
       2.876e+02      -6.218e-03
       2.888e+02       8.957e-03
       2.900e+02       7.265e-03
       2.912e+02       2.208e-03
       2.924e+02      -2.357e-03
       2.936e+02       5.202e-03
       2.948e+02      -5.305e-03
       2.960e+02      -1.099e-02
       2.973e+02      -1.178e-02
       2.985e+02       6.279e-03
       2.997e+02      -2.321e-02
       3.009e+02      -4.298e-03
       3.021e+02      -7.234e-03
       3.033e+02      -1.105e-02
       3.045e+02      -2.529e-03
       3.057e+02      -3.680e-03
       3.069e+02       3.350e-03
       3.081e+02       5.789e-03
       3.093e+02      -1.878e-02
       3.105e+02      -8.548e-03
       3.117e+02       9.147e-03
       3.130e+02      -1.417e-02
       3.142e+02      -1.718e-03
       3.154e+02      -1.435e-02
       3.166e+02       1.919e-03
       3.178e+02      -1.159e-02
       3.190e+02       1.171e-02
       3.202e+02      -1.195e-04
       3.214e+02       3.253e-03
       3.226e+02      -5.751e-03
       3.238e+02      -9.634e-03
       3.250e+02      -6.075e-03
       3.262e+02      -1.127e-02
       3.274e+02       7.239e-03
       3.287e+02       1.088e-02
       3.299e+02      -2.855e-03
       3.311e+02       1.737e-03
       3.323e+02      -2.876e-02
       3.335e+02      -1.562e-02
       3.347e+02      -7.535e-03
       3.359e+02      -9.226e-03
       3.371e+02      -9.920e-03
       3.383e+02      -2.519e-02
       3.395e+02      -9.085e-03
       3.407e+02      -1.622e-02
       3.419e+02      -2.117e-02
       3.431e+02       4.106e-03
       3.444e+02       4.556e-03
       3.456e+02      -2.397e-02
       3.468e+02       1.202e-02
       3.480e+02      -1.281e-02
       3.492e+02      -2.267e-02
       3.504e+02      -1.053e-02
       3.516e+02      -1.552e-02
       3.528e+02       4.612e-03
       3.540e+02      -2.513e-02
       3.552e+02      -3.360e-02
       3.564e+02      -3.219e-02
       3.576e+02      -2.099e-02
       3.588e+02      -3.345e-02
       3.601e+02      -3.012e-02
       3.613e+02      -2.624e-03
       3.625e+02      -6.696e-03
       3.637e+02      -3.605e-04
       3.649e+02      -1.648e-02
       3.661e+02      -1.826e-02
       3.673e+02      -2.881e-02
       3.685e+02      -7.572e-03
       3.697e+02       2.645e-03
       3.709e+02      -1.969e-02
       3.721e+02      -3.005e-02
       3.733e+02      -1.714e-02
       3.746e+02      -2.501e-02
       3.758e+02      -2.591e-02
       3.770e+02      -2.287e-02
       3.782e+02      -1.747e-02
       3.794e+02      -5.120e-03
       3.806e+02      -1.019e-02
       3.818e+02      -2.446e-02
       3.830e+02      -2.809e-02
       3.842e+02      -2.910e-02
       3.854e+02      -1.090e-02
       3.866e+02      -2.919e-02
       3.878e+02      -2.584e-02
       3.890e+02      -2.580e-02
       3.903e+02       3.935e-03
       3.915e+02       2.062e-02
       3.927e+02       1.519e-02
       3.939e+02      -6.349e-03
       3.951e+02      -7.414e-02
       3.963e+02      -5.629e-02
       3.975e+02      -8.336e-02
       3.987e+02      -9.033e-02
       3.999e+02      -1.352e-01
       4.011e+02      -1.146e-01
       4.023e+02      -3.751e-02
       4.035e+02      -1.409e-02
       4.047e+02      -2.310e-02
       4.060e+02      -1.874e-02
       4.072e+02      -2.142e-02
       4.084e+02      -3.566e-02
       4.096e+02      -1.886e-02
       4.108e+02      -6.961e-03
       4.120e+02      -2.558e-02
       4.132e+02      -5.111e-02
       4.144e+02      -7.974e-03
       4.156e+02      -1.458e-02
       4.168e+02      -6.080e-02
       4.180e+02      -3.933e-02
       4.192e+02      -4.121e-02
       4.204e+02      -2.945e-02
       4.217e+02      -2.224e-02
       4.229e+02      -6.140e-02
       4.241e+02      -2.974e-02
       4.253e+02      -4.472e-02
       4.265e+02      -3.647e-02
       4.277e+02      -5.207e-02
       4.289e+02      -3.871e-02
       4.301e+02      -2.861e-02
       4.313e+02      -3.825e-02
       4.325e+02      -2.507e-02
       4.337e+02      -5.340e-02
       4.349e+02      -3.242e-02
       4.362e+02      -5.849e-02
       4.374e+02      -4.054e-02
       4.386e+02      -1.639e-02
       4.398e+02      -3.535e-02
       4.410e+02      -4.860e-02
       4.422e+02      -3.150e-02
       4.434e+02      -4.923e-02
       4.446e+02      -4.410e-02
       4.458e+02      -3.262e-02
       4.470e+02      -7.134e-02
       4.482e+02      -3.412e-02
       4.494e+02      -3.826e-02
       4.506e+02      -4.627e-02
       4.519e+02      -3.228e-02
       4.531e+02      -7.320e-02
       4.543e+02      -4.022e-02
       4.555e+02      -5.507e-02
       4.567e+02      -6.680e-02
       4.579e+02      -3.584e-02
       4.591e+02      -5.243e-02
       4.603e+02      -3.326e-02
       4.615e+02      -1.546e-02
       4.627e+02      -7.071e-02
       4.639e+02      -5.107e-02
       4.651e+02      -6.268e-02
       4.663e+02      -4.965e-02
       4.676e+02      -5.378e-02
       4.688e+02      -6.420e-02
       4.700e+02      -6.292e-02
       4.712e+02      -6.141e-02
       4.724e+02      -6.989e-02
       4.736e+02      -8.128e-02
       4.748e+02      -5.861e-02
       4.760e+02      -7.198e-02
       4.772e+02      -6.291e-02
       4.784e+02      -4.648e-02
       4.796e+02      -6.808e-02
       4.808e+02      -6.822e-02
       4.820e+02      -5.677e-02
       4.833e+02      -6.657e-02
       4.845e+02      -4.413e-02
       4.857e+02      -7.604e-02
       4.869e+02      -6.276e-02
       4.881e+02      -8.611e-02
       4.893e+02      -5.482e-02
       4.905e+02      -8.388e-02
       4.917e+02      -7.288e-02
       4.929e+02      -8.282e-02
       4.941e+02      -8.815e-02
       4.953e+02      -5.650e-02
       4.965e+02      -5.985e-02
       4.978e+02      -8.195e-02
       4.990e+02      -1.047e-01
       5.002e+02      -8.544e-02
       5.014e+02      -7.904e-02
       5.026e+02      -9.945e-02
       5.038e+02      -6.902e-02
       5.050e+02      -7.470e-02
       5.062e+02      -9.342e-02
       5.074e+02      -8.903e-02
       5.086e+02      -9.036e-02
       5.098e+02      -9.366e-02
       5.110e+02      -9.939e-02
       5.122e+02      -9.953e-02
       5.135e+02      -8.885e-02
       5.147e+02      -7.612e-02
       5.159e+02      -9.754e-02
       5.171e+02      -7.530e-02
       5.183e+02      -9.476e-02
       5.195e+02      -9.744e-02
       5.207e+02      -1.138e-01
       5.219e+02      -8.319e-02
       5.231e+02      -1.040e-01
       5.243e+02      -9.896e-02
       5.255e+02      -9.981e-02
       5.267e+02      -9.052e-02
       5.279e+02      -1.005e-01
       5.292e+02      -9.839e-02
       5.304e+02      -9.823e-02
       5.316e+02      -1.246e-01
       5.328e+02      -1.130e-01
       5.340e+02      -1.163e-01
       5.352e+02      -1.232e-01
       5.364e+02      -1.054e-01
       5.376e+02      -1.095e-01
       5.388e+02      -1.155e-01
       5.400e+02      -1.183e-01
       5.412e+02      -1.368e-01
       5.424e+02      -1.176e-01
       5.436e+02      -1.131e-01
       5.449e+02      -1.257e-01
       5.461e+02      -9.315e-02
       5.473e+02      -1.302e-01
       5.485e+02      -1.015e-01
       5.497e+02      -1.444e-01
       5.509e+02      -1.069e-01
       5.521e+02      -1.030e-01
       5.533e+02      -1.467e-01
       5.545e+02      -1.337e-01
       5.557e+02      -1.273e-01
       5.569e+02      -1.307e-01
       5.581e+02      -1.438e-01
       5.593e+02      -1.423e-01
       5.606e+02      -1.347e-01
       5.618e+02      -1.373e-01
       5.630e+02      -1.626e-01
       5.642e+02      -1.455e-01
       5.654e+02      -1.392e-01
       5.666e+02      -1.537e-01
       5.678e+02      -1.451e-01
       5.690e+02      -1.669e-01
       5.702e+02      -1.608e-01
       5.714e+02      -1.547e-01
       5.726e+02      -1.558e-01
       5.738e+02      -1.698e-01
       5.751e+02      -1.446e-01
       5.763e+02      -1.577e-01
       5.775e+02      -1.324e-01
       5.787e+02      -1.510e-01
       5.799e+02      -1.713e-01
       5.811e+02      -1.633e-01
       5.823e+02      -1.593e-01
       5.835e+02      -1.403e-01
       5.847e+02      -1.522e-01
       5.859e+02      -1.555e-01
       5.871e+02      -1.526e-01
       5.883e+02      -1.742e-01
       5.895e+02      -1.713e-01
       5.908e+02      -1.456e-01
       5.920e+02      -1.655e-01
       5.932e+02      -1.949e-01
       5.944e+02      -1.811e-01
       5.956e+02      -1.771e-01
       5.968e+02      -1.962e-01
       5.980e+02      -1.858e-01
       5.992e+02      -1.722e-01
       6.004e+02      -2.009e-01
       6.016e+02      -1.999e-01
       6.028e+02      -1.609e-01
       6.040e+02      -1.875e-01
       6.052e+02      -1.982e-01
       6.065e+02      -1.883e-01
       6.077e+02      -2.046e-01
       6.089e+02      -2.062e-01
       6.101e+02      -1.855e-01
       6.113e+02      -2.037e-01
       6.125e+02      -2.096e-01
       6.137e+02      -1.954e-01
       6.149e+02      -1.884e-01
       6.161e+02      -2.114e-01
       6.173e+02      -2.197e-01
       6.185e+02      -2.113e-01
       6.197e+02      -2.049e-01
       6.209e+02      -1.906e-01
       6.222e+02      -2.001e-01
       6.234e+02      -1.917e-01
       6.246e+02      -2.246e-01
       6.258e+02      -2.088e-01
       6.270e+02      -2.172e-01
       6.282e+02      -1.933e-01
       6.294e+02      -2.088e-01
       6.306e+02      -2.324e-01
       6.318e+02      -2.326e-01
