      25  PHL2525mm3 STCOR 0   PHL2525_cleanbaseavg.fits
GALACTIC
coordinates (deg)    7.907995e+01 -7.181703e+01
VLSR          Ta*
      -5.905e+02       1.084e-02
      -5.893e+02       1.010e-02
      -5.881e+02       1.348e-02
      -5.869e+02      -3.175e-03
      -5.857e+02       2.137e-02
      -5.845e+02       1.941e-03
      -5.833e+02       1.784e-02
      -5.820e+02       6.684e-03
      -5.808e+02       1.225e-03
      -5.796e+02      -8.562e-03
      -5.784e+02       4.092e-02
      -5.772e+02       3.596e-03
      -5.760e+02       2.586e-02
      -5.748e+02       7.155e-03
      -5.736e+02      -1.012e-02
      -5.724e+02       8.781e-03
      -5.712e+02       2.907e-02
      -5.700e+02       1.426e-02
      -5.688e+02       2.509e-02
      -5.676e+02       1.112e-02
      -5.663e+02      -2.573e-03
      -5.651e+02       7.144e-03
      -5.639e+02      -5.513e-04
      -5.627e+02       2.899e-03
      -5.615e+02       1.496e-02
      -5.603e+02       2.953e-02
      -5.591e+02       2.730e-02
      -5.579e+02      -1.015e-03
      -5.567e+02       3.846e-02
      -5.555e+02       1.624e-02
      -5.543e+02       1.476e-02
      -5.531e+02       2.599e-02
      -5.519e+02       2.714e-02
      -5.506e+02       7.655e-03
      -5.494e+02       1.702e-02
      -5.482e+02       1.915e-02
      -5.470e+02       2.916e-02
      -5.458e+02       5.001e-03
      -5.446e+02       4.082e-02
      -5.434e+02      -1.622e-02
      -5.422e+02       6.162e-03
      -5.410e+02       8.496e-03
      -5.398e+02      -6.221e-03
      -5.386e+02       2.377e-02
      -5.374e+02       1.060e-02
      -5.362e+02       1.084e-02
      -5.349e+02       4.806e-02
      -5.337e+02       2.334e-02
      -5.325e+02      -1.646e-02
      -5.313e+02      -6.538e-03
      -5.301e+02       2.340e-03
      -5.289e+02       6.520e-03
      -5.277e+02       6.126e-03
      -5.265e+02      -3.454e-02
      -5.253e+02       1.220e-03
      -5.241e+02      -4.094e-03
      -5.229e+02       1.493e-02
      -5.217e+02       9.649e-03
      -5.204e+02       9.056e-03
      -5.192e+02       1.783e-02
      -5.180e+02       4.378e-03
      -5.168e+02       3.523e-02
      -5.156e+02      -3.196e-02
      -5.144e+02      -9.231e-03
      -5.132e+02       1.858e-03
      -5.120e+02       1.609e-02
      -5.108e+02       3.581e-02
      -5.096e+02       7.692e-03
      -5.084e+02       1.244e-02
      -5.072e+02       1.067e-02
      -5.060e+02      -1.703e-03
      -5.047e+02      -1.575e-02
      -5.035e+02       7.751e-03
      -5.023e+02      -2.043e-03
      -5.011e+02      -3.186e-02
      -4.999e+02      -1.073e-02
      -4.987e+02       3.744e-03
      -4.975e+02       2.350e-02
      -4.963e+02       1.848e-02
      -4.951e+02      -1.139e-02
      -4.939e+02       1.676e-02
      -4.927e+02      -1.795e-02
      -4.915e+02       5.141e-03
      -4.903e+02      -1.176e-02
      -4.890e+02      -9.502e-03
      -4.878e+02      -2.349e-03
      -4.866e+02      -1.501e-02
      -4.854e+02       1.122e-02
      -4.842e+02       9.439e-03
      -4.830e+02      -1.502e-02
      -4.818e+02      -6.215e-03
      -4.806e+02      -2.950e-03
      -4.794e+02       3.558e-03
      -4.782e+02       1.531e-02
      -4.770e+02       2.011e-02
      -4.758e+02       8.030e-04
      -4.746e+02       8.263e-03
      -4.733e+02       2.524e-02
      -4.721e+02      -8.136e-03
      -4.709e+02      -9.473e-04
      -4.697e+02      -5.771e-03
      -4.685e+02      -1.387e-02
      -4.673e+02      -1.249e-02
      -4.661e+02      -1.877e-03
      -4.649e+02       3.828e-02
      -4.637e+02       1.544e-03
      -4.625e+02      -1.768e-03
      -4.613e+02       8.290e-03
      -4.601e+02      -1.675e-02
      -4.589e+02       5.340e-03
      -4.576e+02       1.886e-02
      -4.564e+02      -1.476e-02
      -4.552e+02       1.955e-02
      -4.540e+02      -5.546e-03
      -4.528e+02       4.278e-04
      -4.516e+02       1.408e-02
      -4.504e+02       1.708e-02
      -4.492e+02      -9.870e-03
      -4.480e+02      -1.303e-02
      -4.468e+02       5.273e-03
      -4.456e+02       6.666e-03
      -4.444e+02       3.200e-03
      -4.431e+02      -1.348e-02
      -4.419e+02      -1.467e-02
      -4.407e+02      -2.260e-02
      -4.395e+02      -5.897e-03
      -4.383e+02       2.016e-02
      -4.371e+02      -1.297e-03
      -4.359e+02      -1.629e-03
      -4.347e+02      -5.627e-03
      -4.335e+02      -9.091e-03
      -4.323e+02      -7.899e-03
      -4.311e+02      -4.197e-04
      -4.299e+02       1.963e-02
      -4.287e+02       1.399e-02
      -4.274e+02      -1.340e-02
      -4.262e+02      -2.625e-02
      -4.250e+02       1.226e-02
      -4.238e+02      -1.314e-03
      -4.226e+02       1.409e-02
      -4.214e+02       2.996e-02
      -4.202e+02       2.201e-02
      -4.190e+02       5.313e-06
      -4.178e+02      -1.117e-02
      -4.166e+02      -1.385e-02
      -4.154e+02       9.138e-03
      -4.142e+02       1.209e-03
      -4.130e+02      -1.030e-02
      -4.117e+02      -2.013e-02
      -4.105e+02      -1.023e-02
      -4.093e+02       5.993e-03
      -4.081e+02      -1.749e-02
      -4.069e+02       4.601e-03
      -4.057e+02       1.279e-02
      -4.045e+02       1.252e-02
      -4.033e+02      -2.474e-02
      -4.021e+02      -9.223e-03
      -4.009e+02      -3.415e-03
      -3.997e+02       1.489e-02
      -3.985e+02      -3.995e-04
      -3.973e+02      -1.227e-02
      -3.960e+02      -4.831e-04
      -3.948e+02      -4.402e-03
      -3.936e+02       6.631e-03
      -3.924e+02       1.837e-02
      -3.912e+02      -1.653e-02
      -3.900e+02       1.211e-02
      -3.888e+02       2.537e-03
      -3.876e+02      -1.872e-02
      -3.864e+02       1.520e-02
      -3.852e+02      -1.602e-02
      -3.840e+02      -9.980e-03
      -3.828e+02       7.705e-03
      -3.815e+02       2.713e-02
      -3.803e+02       4.735e-03
      -3.791e+02      -3.108e-03
      -3.779e+02       1.397e-02
      -3.767e+02      -2.327e-03
      -3.755e+02       1.165e-02
      -3.743e+02       7.092e-03
      -3.731e+02       1.249e-03
      -3.719e+02       1.308e-02
      -3.707e+02       4.807e-04
      -3.695e+02      -3.504e-03
      -3.683e+02       4.865e-03
      -3.671e+02      -2.128e-02
      -3.658e+02      -2.300e-02
      -3.646e+02      -6.571e-03
      -3.634e+02      -5.622e-03
      -3.622e+02       4.287e-02
      -3.610e+02       2.762e-03
      -3.598e+02      -4.965e-03
      -3.586e+02       2.185e-03
      -3.574e+02      -2.448e-02
      -3.562e+02       5.477e-03
      -3.550e+02      -2.370e-03
      -3.538e+02      -1.609e-02
      -3.526e+02      -1.729e-02
      -3.514e+02       2.099e-02
      -3.501e+02      -2.519e-02
      -3.489e+02       2.421e-02
      -3.477e+02       7.236e-03
      -3.465e+02      -4.196e-02
      -3.453e+02       5.654e-03
      -3.441e+02      -1.846e-02
      -3.429e+02      -1.271e-02
      -3.417e+02      -9.225e-03
      -3.405e+02      -4.322e-03
      -3.393e+02       1.187e-02
      -3.381e+02       8.683e-03
      -3.369e+02       7.227e-03
      -3.357e+02      -3.728e-03
      -3.344e+02      -2.156e-02
      -3.332e+02       1.473e-02
      -3.320e+02       3.120e-02
      -3.308e+02       9.732e-03
      -3.296e+02       2.069e-02
      -3.284e+02      -1.050e-04
      -3.272e+02       2.547e-02
      -3.260e+02      -9.290e-03
      -3.248e+02      -2.063e-02
      -3.236e+02       1.654e-02
      -3.224e+02      -2.963e-03
      -3.212e+02       1.590e-02
      -3.200e+02      -1.824e-02
      -3.187e+02       9.784e-03
      -3.175e+02      -3.111e-02
      -3.163e+02      -1.824e-02
      -3.151e+02      -2.562e-03
      -3.139e+02       6.143e-03
      -3.127e+02      -3.038e-02
      -3.115e+02      -1.785e-02
      -3.103e+02       1.004e-02
      -3.091e+02       1.241e-02
      -3.079e+02      -9.203e-04
      -3.067e+02      -3.037e-02
      -3.055e+02      -8.975e-03
      -3.042e+02       8.859e-03
      -3.030e+02       1.712e-02
      -3.018e+02      -3.012e-03
      -3.006e+02      -1.311e-02
      -2.994e+02       4.850e-03
      -2.982e+02      -2.167e-03
      -2.970e+02      -4.426e-02
      -2.958e+02      -3.701e-03
      -2.946e+02      -2.483e-05
      -2.934e+02      -3.859e-03
      -2.922e+02      -1.489e-02
      -2.910e+02      -2.120e-02
      -2.898e+02      -1.689e-02
      -2.885e+02       8.290e-03
      -2.873e+02       2.166e-03
      -2.861e+02      -2.322e-02
      -2.849e+02      -2.590e-03
      -2.837e+02       1.898e-02
      -2.825e+02       8.149e-04
      -2.813e+02       2.034e-02
      -2.801e+02      -8.604e-03
      -2.789e+02       1.168e-02
      -2.777e+02      -2.685e-02
      -2.765e+02       1.125e-02
      -2.753e+02      -1.521e-03
      -2.741e+02       1.032e-02
      -2.728e+02      -8.324e-03
      -2.716e+02       1.916e-02
      -2.704e+02      -7.579e-03
      -2.692e+02      -1.368e-02
      -2.680e+02       3.477e-03
      -2.668e+02      -8.010e-03
      -2.656e+02      -6.388e-03
      -2.644e+02      -7.083e-03
      -2.632e+02      -2.576e-02
      -2.620e+02      -1.032e-02
      -2.608e+02      -5.124e-03
      -2.596e+02       1.236e-02
      -2.584e+02       1.501e-02
      -2.571e+02       9.902e-04
      -2.559e+02       1.601e-02
      -2.547e+02      -6.682e-03
      -2.535e+02      -2.871e-03
      -2.523e+02       2.292e-02
      -2.511e+02       3.261e-03
      -2.499e+02      -7.941e-03
      -2.487e+02      -8.979e-03
      -2.475e+02       1.003e-02
      -2.463e+02       2.427e-02
      -2.451e+02      -1.327e-02
      -2.439e+02       5.279e-03
      -2.426e+02      -8.469e-03
      -2.414e+02       1.147e-03
      -2.402e+02       1.189e-02
      -2.390e+02       1.256e-02
      -2.378e+02       9.540e-03
      -2.366e+02       2.975e-03
      -2.354e+02       1.192e-02
      -2.342e+02       4.337e-02
      -2.330e+02      -3.562e-03
      -2.318e+02      -4.715e-04
      -2.306e+02      -2.102e-02
      -2.294e+02      -1.628e-02
      -2.282e+02      -2.600e-03
      -2.269e+02       9.910e-03
      -2.257e+02       3.683e-03
      -2.245e+02       3.355e-02
      -2.233e+02       1.634e-02
      -2.221e+02      -2.071e-02
      -2.209e+02      -3.481e-03
      -2.197e+02      -2.222e-02
      -2.185e+02      -1.070e-02
      -2.173e+02       1.041e-02
      -2.161e+02      -2.334e-02
      -2.149e+02       1.259e-02
      -2.137e+02       2.395e-02
      -2.125e+02      -6.409e-03
      -2.112e+02       2.758e-02
      -2.100e+02      -2.924e-02
      -2.088e+02      -1.808e-02
      -2.076e+02      -7.889e-03
      -2.064e+02       3.220e-02
      -2.052e+02      -9.708e-04
      -2.040e+02      -2.140e-02
      -2.028e+02      -2.719e-03
      -2.016e+02       1.523e-02
      -2.004e+02      -2.678e-03
      -1.992e+02       9.561e-03
      -1.980e+02       1.028e-02
      -1.968e+02       1.947e-02
      -1.955e+02       2.630e-02
      -1.943e+02      -2.940e-02
      -1.931e+02       2.439e-02
      -1.919e+02      -1.820e-02
      -1.907e+02       1.443e-02
      -1.895e+02      -1.004e-02
      -1.883e+02       2.954e-03
      -1.871e+02       4.424e-03
      -1.859e+02      -8.541e-03
      -1.847e+02       5.331e-03
      -1.835e+02       1.916e-02
      -1.823e+02       9.607e-04
      -1.810e+02      -1.287e-02
      -1.798e+02       1.376e-02
      -1.786e+02       6.027e-02
      -1.774e+02       1.320e-02
      -1.762e+02      -1.452e-02
      -1.750e+02       1.066e-02
      -1.738e+02       5.825e-03
      -1.726e+02       3.484e-02
      -1.714e+02       4.961e-03
      -1.702e+02      -1.109e-02
      -1.690e+02       1.429e-02
      -1.678e+02      -4.902e-02
      -1.666e+02       3.015e-03
      -1.653e+02       4.185e-03
      -1.641e+02       1.219e-03
      -1.629e+02      -1.343e-02
      -1.617e+02       1.395e-02
      -1.605e+02       3.007e-02
      -1.593e+02       4.036e-02
      -1.581e+02       1.639e-02
      -1.569e+02      -1.461e-02
      -1.557e+02       1.058e-02
      -1.545e+02       1.484e-03
      -1.533e+02      -1.419e-02
      -1.521e+02      -1.709e-02
      -1.509e+02       1.578e-03
      -1.496e+02      -1.662e-02
      -1.484e+02       5.242e-04
      -1.472e+02       1.172e-02
      -1.460e+02       3.355e-02
      -1.448e+02       2.950e-02
      -1.436e+02       1.475e-02
      -1.424e+02      -1.919e-02
      -1.412e+02      -9.501e-03
      -1.400e+02       3.509e-02
      -1.388e+02       6.506e-03
      -1.376e+02       1.061e-02
      -1.364e+02       4.578e-03
      -1.352e+02       1.150e-02
      -1.339e+02       4.886e-02
      -1.327e+02       5.695e-03
      -1.315e+02      -8.097e-04
      -1.303e+02      -2.502e-02
      -1.291e+02       3.927e-03
      -1.279e+02      -9.307e-03
      -1.267e+02      -9.104e-03
      -1.255e+02      -3.688e-03
      -1.243e+02       9.424e-03
      -1.231e+02       1.660e-03
      -1.219e+02      -3.955e-03
      -1.207e+02      -6.531e-03
      -1.195e+02       2.052e-02
      -1.182e+02      -2.504e-02
      -1.170e+02      -2.534e-02
      -1.158e+02       9.202e-03
      -1.146e+02       3.636e-03
      -1.134e+02      -4.335e-03
      -1.122e+02      -1.186e-02
      -1.110e+02      -8.426e-03
      -1.098e+02      -2.770e-02
      -1.086e+02      -1.608e-02
      -1.074e+02       6.490e-03
      -1.062e+02       1.009e-02
      -1.050e+02      -4.100e-03
      -1.037e+02       5.774e-04
      -1.025e+02       2.049e-02
      -1.013e+02      -1.441e-02
      -1.001e+02      -1.192e-02
      -9.892e+01      -7.493e-03
      -9.771e+01       1.801e-02
      -9.650e+01       2.587e-02
      -9.529e+01       2.186e-02
      -9.409e+01      -9.271e-03
      -9.288e+01      -4.653e-03
      -9.167e+01      -1.818e-02
      -9.046e+01       1.720e-03
      -8.925e+01      -2.442e-02
      -8.805e+01      -4.023e-03
      -8.684e+01       2.198e-02
      -8.563e+01       1.068e-02
      -8.442e+01       9.842e-03
      -8.322e+01      -6.714e-03
      -8.201e+01      -1.073e-02
      -8.080e+01       4.020e-02
      -7.959e+01       1.273e-02
      -7.838e+01       1.897e-02
      -7.718e+01       1.745e-02
      -7.597e+01       3.739e-03
      -7.476e+01       2.896e-02
      -7.355e+01       2.503e-02
      -7.235e+01       2.562e-02
      -7.114e+01       4.085e-02
      -6.993e+01       3.656e-02
      -6.872e+01       1.150e-02
      -6.751e+01       1.021e-02
      -6.631e+01      -3.133e-03
      -6.510e+01       9.007e-04
      -6.389e+01       1.430e-02
      -6.268e+01       1.984e-03
      -6.147e+01       1.444e-02
      -6.027e+01       1.096e-03
      -5.906e+01       9.555e-03
      -5.785e+01       3.938e-02
      -5.664e+01       1.152e-02
      -5.544e+01       2.130e-02
      -5.423e+01       8.161e-03
      -5.302e+01       1.830e-02
      -5.181e+01       1.206e-02
      -5.060e+01       3.225e-02
      -4.940e+01       4.998e-02
      -4.819e+01       2.611e-02
      -4.698e+01       4.342e-02
      -4.577e+01       4.936e-02
      -4.457e+01       7.229e-02
      -4.336e+01       4.861e-02
      -4.215e+01       8.136e-02
      -4.094e+01       5.721e-02
      -3.973e+01       5.530e-02
      -3.853e+01       9.355e-02
      -3.732e+01       1.045e-01
      -3.611e+01       7.271e-02
      -3.490e+01       9.612e-02
      -3.369e+01       1.083e-01
      -3.249e+01       1.169e-01
      -3.128e+01       1.568e-01
      -3.007e+01       1.516e-01
      -2.886e+01       1.795e-01
      -2.766e+01       2.193e-01
      -2.645e+01       2.783e-01
      -2.524e+01       2.974e-01
      -2.403e+01       3.805e-01
      -2.282e+01       5.135e-01
      -2.162e+01       5.917e-01
      -2.041e+01       7.902e-01
      -1.920e+01       1.016e+00
      -1.799e+01       1.229e+00
      -1.679e+01       1.539e+00
      -1.558e+01       1.986e+00
      -1.437e+01       2.431e+00
      -1.316e+01       2.739e+00
      -1.195e+01       3.061e+00
      -1.075e+01       3.400e+00
      -9.538e+00       3.719e+00
      -8.330e+00       4.030e+00
      -7.122e+00       4.401e+00
      -5.915e+00       4.845e+00
      -4.707e+00       5.302e+00
      -3.499e+00       5.457e+00
      -2.291e+00       5.391e+00
      -1.083e+00       5.114e+00
       1.245e-01       4.673e+00
       1.332e+00       4.155e+00
       2.540e+00       3.539e+00
       3.748e+00       2.992e+00
       4.956e+00       2.462e+00
       6.164e+00       1.988e+00
       7.371e+00       1.516e+00
       8.579e+00       1.204e+00
       9.787e+00       9.277e-01
       1.099e+01       7.101e-01
       1.220e+01       4.785e-01
       1.341e+01       3.908e-01
       1.462e+01       2.779e-01
       1.583e+01       2.124e-01
       1.703e+01       1.486e-01
       1.824e+01       8.993e-02
       1.945e+01       6.742e-02
       2.066e+01       4.733e-02
       2.187e+01       4.223e-02
       2.307e+01       9.176e-03
       2.428e+01       2.293e-02
       2.549e+01       2.619e-02
       2.670e+01       1.544e-02
       2.790e+01      -1.008e-02
       2.911e+01       1.087e-02
       3.032e+01       6.924e-03
       3.153e+01      -1.784e-02
       3.274e+01      -1.602e-02
       3.394e+01      -2.200e-02
       3.515e+01       2.255e-02
       3.636e+01       2.126e-02
       3.757e+01      -2.645e-02
       3.878e+01      -1.174e-02
       3.998e+01       1.582e-02
       4.119e+01       6.307e-03
       4.240e+01       1.832e-02
       4.361e+01       2.048e-02
       4.481e+01      -1.682e-02
       4.602e+01      -5.608e-03
       4.723e+01      -2.416e-02
       4.844e+01      -2.598e-02
       4.965e+01      -3.238e-02
       5.085e+01      -3.712e-02
       5.206e+01       3.121e-03
       5.327e+01       1.869e-02
       5.448e+01      -6.507e-04
       5.568e+01      -5.557e-03
       5.689e+01       2.379e-03
       5.810e+01      -5.944e-03
       5.931e+01      -5.955e-03
       6.052e+01       5.746e-03
       6.172e+01      -1.486e-02
       6.293e+01       6.093e-03
       6.414e+01       3.234e-03
       6.535e+01      -1.166e-02
       6.656e+01      -3.305e-03
       6.776e+01      -1.181e-02
       6.897e+01       8.519e-03
       7.018e+01      -2.649e-02
       7.139e+01       6.185e-03
       7.259e+01      -2.225e-02
       7.380e+01      -8.841e-03
       7.501e+01       7.240e-03
       7.622e+01      -8.938e-03
       7.743e+01      -1.914e-02
       7.863e+01       3.442e-02
       7.984e+01       2.419e-02
       8.105e+01      -1.414e-02
       8.226e+01      -7.790e-03
       8.346e+01      -8.307e-03
       8.467e+01      -1.642e-02
       8.588e+01       7.981e-03
       8.709e+01      -2.604e-02
       8.830e+01      -1.633e-02
       8.950e+01      -1.628e-02
       9.071e+01       1.830e-02
       9.192e+01      -2.319e-02
       9.313e+01      -8.749e-03
       9.434e+01      -2.466e-02
       9.554e+01      -1.742e-02
       9.675e+01       1.786e-02
       9.796e+01       1.203e-02
       9.917e+01      -1.251e-02
       1.004e+02      -2.122e-03
       1.016e+02      -1.063e-02
       1.028e+02      -2.249e-02
       1.040e+02       1.468e-03
       1.052e+02      -6.762e-03
       1.064e+02      -2.195e-02
       1.076e+02      -5.746e-03
       1.088e+02       9.983e-03
       1.100e+02      -2.983e-03
       1.112e+02      -1.465e-02
       1.125e+02       3.458e-03
       1.137e+02      -1.592e-02
       1.149e+02       1.151e-02
       1.161e+02      -9.595e-03
       1.173e+02      -2.660e-02
       1.185e+02      -2.386e-02
       1.197e+02       3.048e-03
       1.209e+02       6.586e-03
       1.221e+02      -1.848e-02
       1.233e+02      -2.332e-03
       1.245e+02       3.439e-03
       1.257e+02       1.538e-02
       1.269e+02       2.083e-03
       1.282e+02      -7.035e-03
       1.294e+02      -1.108e-02
       1.306e+02       1.632e-02
       1.318e+02      -2.483e-02
       1.330e+02      -8.866e-04
       1.342e+02      -1.875e-02
       1.354e+02      -2.188e-02
       1.366e+02       2.159e-02
       1.378e+02       3.443e-02
       1.390e+02      -1.797e-02
       1.402e+02      -2.304e-03
       1.414e+02      -7.711e-03
       1.426e+02      -8.478e-03
       1.439e+02       7.854e-03
       1.451e+02       1.090e-02
       1.463e+02      -1.938e-03
       1.475e+02       1.107e-02
       1.487e+02      -2.492e-02
       1.499e+02       9.032e-03
       1.511e+02      -9.219e-03
       1.523e+02      -1.657e-02
       1.535e+02       2.033e-02
       1.547e+02      -5.099e-03
       1.559e+02       4.013e-04
       1.571e+02      -2.846e-02
       1.584e+02       2.052e-02
       1.596e+02       1.636e-02
       1.608e+02      -9.229e-03
       1.620e+02      -1.412e-03
       1.632e+02       8.470e-03
       1.644e+02       1.696e-02
       1.656e+02      -4.087e-03
       1.668e+02       1.426e-02
       1.680e+02      -1.423e-02
       1.692e+02      -2.182e-02
       1.704e+02       2.007e-02
       1.716e+02       2.437e-02
       1.728e+02       1.015e-02
       1.741e+02       1.273e-02
       1.753e+02       2.430e-03
       1.765e+02       3.690e-02
       1.777e+02      -1.164e-02
       1.789e+02      -4.026e-03
       1.801e+02      -1.818e-02
       1.813e+02      -1.807e-02
       1.825e+02       1.525e-02
       1.837e+02      -1.308e-02
       1.849e+02       2.005e-03
       1.861e+02       2.451e-02
       1.873e+02       6.687e-03
       1.885e+02       2.139e-02
       1.898e+02       1.041e-02
       1.910e+02       4.618e-03
       1.922e+02      -1.341e-02
       1.934e+02      -2.158e-02
       1.946e+02       2.327e-03
       1.958e+02      -3.065e-02
       1.970e+02      -3.819e-03
       1.982e+02       4.766e-03
       1.994e+02       3.660e-02
       2.006e+02      -1.157e-02
       2.018e+02       1.020e-02
       2.030e+02      -2.849e-02
       2.042e+02      -3.544e-03
       2.055e+02       3.284e-02
       2.067e+02       1.270e-02
       2.079e+02      -5.938e-03
       2.091e+02       1.530e-02
       2.103e+02      -2.630e-03
       2.115e+02       9.443e-03
       2.127e+02       2.028e-02
       2.139e+02       2.369e-02
       2.151e+02       1.491e-02
       2.163e+02      -2.339e-03
       2.175e+02      -1.092e-02
       2.187e+02       4.815e-04
       2.199e+02      -3.189e-03
       2.212e+02       9.196e-03
       2.224e+02       2.790e-02
       2.236e+02       1.885e-03
       2.248e+02       2.494e-02
       2.260e+02      -1.271e-03
       2.272e+02       1.183e-02
       2.284e+02      -3.667e-02
       2.296e+02       4.534e-03
       2.308e+02       7.618e-03
       2.320e+02       9.515e-05
       2.332e+02       3.232e-03
       2.344e+02       4.424e-03
       2.357e+02       1.419e-02
       2.369e+02       3.386e-02
       2.381e+02       1.592e-02
       2.393e+02       2.105e-02
       2.405e+02      -1.938e-02
       2.417e+02      -1.861e-03
       2.429e+02      -3.469e-03
       2.441e+02       1.494e-02
       2.453e+02       3.256e-03
       2.465e+02       2.596e-02
       2.477e+02       4.211e-03
       2.489e+02      -2.018e-02
       2.501e+02       5.182e-03
       2.514e+02       3.577e-02
       2.526e+02      -4.263e-03
       2.538e+02      -1.326e-02
       2.550e+02      -3.621e-03
       2.562e+02       2.322e-02
       2.574e+02       1.009e-03
       2.586e+02       4.594e-03
       2.598e+02      -1.185e-02
       2.610e+02      -9.801e-03
       2.622e+02      -2.311e-02
       2.634e+02      -3.595e-02
       2.646e+02       1.083e-02
       2.658e+02       6.490e-03
       2.671e+02      -5.842e-03
       2.683e+02      -1.690e-02
       2.695e+02       1.394e-02
       2.707e+02       2.084e-03
       2.719e+02      -1.331e-02
       2.731e+02      -1.513e-03
       2.743e+02      -1.846e-02
       2.755e+02      -2.064e-02
       2.767e+02       5.317e-03
       2.779e+02      -1.267e-03
       2.791e+02      -6.348e-03
       2.803e+02      -2.989e-02
       2.815e+02       1.159e-02
       2.828e+02      -1.376e-02
       2.840e+02      -2.945e-03
       2.852e+02       1.152e-02
       2.864e+02      -1.369e-02
       2.876e+02       1.585e-02
       2.888e+02      -1.339e-02
       2.900e+02       1.030e-02
       2.912e+02       1.005e-02
       2.924e+02       6.471e-03
       2.936e+02      -6.802e-03
       2.948e+02      -3.106e-03
       2.960e+02       1.086e-03
       2.973e+02      -4.868e-03
       2.985e+02      -1.789e-02
       2.997e+02      -4.481e-03
       3.009e+02       1.031e-02
       3.021e+02      -1.721e-02
       3.033e+02      -4.060e-03
       3.045e+02      -1.308e-02
       3.057e+02       1.273e-02
       3.069e+02       1.209e-02
       3.081e+02       4.626e-03
       3.093e+02      -1.075e-02
       3.105e+02      -1.931e-02
       3.117e+02       8.549e-03
       3.130e+02       1.184e-02
       3.142e+02      -8.843e-03
       3.154e+02       9.233e-03
       3.166e+02      -2.843e-02
       3.178e+02      -2.730e-02
       3.190e+02      -1.499e-02
       3.202e+02      -2.076e-02
       3.214e+02      -2.296e-02
       3.226e+02       3.683e-03
       3.238e+02      -8.289e-03
       3.250e+02      -1.527e-02
       3.262e+02      -1.066e-02
       3.274e+02       1.280e-02
       3.287e+02      -1.678e-02
       3.299e+02      -7.740e-03
       3.311e+02       4.764e-03
       3.323e+02      -2.995e-02
       3.335e+02      -2.114e-02
       3.347e+02      -3.304e-02
       3.359e+02       2.398e-03
       3.371e+02      -2.652e-02
       3.383e+02       5.018e-03
       3.395e+02      -2.203e-02
       3.407e+02      -1.227e-02
       3.419e+02       5.291e-04
       3.431e+02      -9.614e-03
       3.444e+02      -7.112e-03
       3.456e+02      -4.933e-02
       3.468e+02      -1.734e-02
       3.480e+02      -1.640e-02
       3.492e+02      -5.119e-03
       3.504e+02      -4.638e-02
       3.516e+02      -1.106e-02
       3.528e+02      -1.334e-02
       3.540e+02       6.783e-03
       3.552e+02      -1.294e-02
       3.564e+02      -3.008e-02
       3.576e+02      -2.594e-02
       3.588e+02       1.084e-03
       3.601e+02      -3.150e-02
       3.613e+02      -1.711e-02
       3.625e+02      -2.645e-02
       3.637e+02      -4.093e-02
       3.649e+02      -1.721e-02
       3.661e+02      -1.975e-02
       3.673e+02      -9.305e-03
       3.685e+02      -1.696e-02
       3.697e+02      -1.878e-02
       3.709e+02      -9.144e-03
       3.721e+02       1.915e-02
       3.733e+02      -1.610e-02
       3.746e+02       9.870e-03
       3.758e+02      -4.034e-02
       3.770e+02      -6.677e-02
       3.782e+02      -3.307e-03
       3.794e+02      -1.753e-03
       3.806e+02      -1.017e-02
       3.818e+02      -1.708e-02
       3.830e+02      -1.877e-02
       3.842e+02      -4.463e-02
       3.854e+02      -2.687e-02
       3.866e+02      -6.092e-02
       3.878e+02      -3.102e-03
       3.890e+02      -2.074e-02
       3.903e+02      -3.082e-02
       3.915e+02      -2.020e-02
       3.927e+02       2.131e-02
       3.939e+02      -7.313e-03
       3.951e+02      -4.273e-02
       3.963e+02      -7.575e-02
       3.975e+02      -9.948e-02
       3.987e+02      -1.158e-01
       3.999e+02      -1.344e-01
       4.011e+02      -1.768e-01
       4.023e+02      -7.431e-02
       4.035e+02      -5.978e-03
       4.047e+02      -1.064e-02
       4.060e+02      -6.207e-02
       4.072e+02      -6.155e-02
       4.084e+02      -4.178e-02
       4.096e+02      -2.366e-02
       4.108e+02      -3.219e-02
       4.120e+02      -3.151e-02
       4.132e+02      -8.947e-03
       4.144e+02      -3.298e-03
       4.156e+02      -5.719e-02
       4.168e+02      -5.664e-03
       4.180e+02      -3.770e-02
       4.192e+02      -1.265e-02
       4.204e+02      -2.742e-02
       4.217e+02      -2.040e-02
       4.229e+02      -5.062e-02
       4.241e+02      -3.793e-02
       4.253e+02      -1.339e-02
       4.265e+02      -2.686e-02
       4.277e+02      -6.284e-02
       4.289e+02      -3.613e-02
       4.301e+02      -6.407e-02
       4.313e+02      -5.432e-02
       4.325e+02      -1.909e-02
       4.337e+02      -4.769e-02
       4.349e+02      -5.916e-02
       4.362e+02      -1.580e-02
       4.374e+02      -4.716e-02
       4.386e+02      -4.948e-02
       4.398e+02      -6.774e-02
       4.410e+02      -4.904e-02
       4.422e+02      -4.310e-02
       4.434e+02      -2.775e-02
       4.446e+02      -5.918e-02
       4.458e+02      -3.424e-02
       4.470e+02      -2.192e-02
       4.482e+02      -3.742e-02
       4.494e+02      -3.311e-02
       4.506e+02      -5.185e-02
       4.519e+02      -3.626e-02
       4.531e+02      -3.139e-02
       4.543e+02      -1.960e-02
       4.555e+02      -7.171e-02
       4.567e+02      -3.678e-02
       4.579e+02      -5.281e-02
       4.591e+02      -5.919e-02
       4.603e+02      -4.813e-02
       4.615e+02      -7.687e-02
       4.627e+02      -7.807e-02
       4.639e+02      -7.195e-02
       4.651e+02      -2.164e-02
       4.663e+02      -6.217e-02
       4.676e+02      -4.425e-02
       4.688e+02      -3.370e-02
       4.700e+02      -8.269e-02
       4.712e+02      -7.299e-02
       4.724e+02      -7.284e-02
       4.736e+02      -6.330e-02
       4.748e+02      -6.745e-02
       4.760e+02      -5.322e-02
       4.772e+02      -8.582e-02
       4.784e+02      -9.327e-02
       4.796e+02      -5.025e-02
       4.808e+02      -9.399e-02
       4.820e+02      -8.009e-02
       4.833e+02      -9.564e-02
       4.845e+02      -7.725e-02
       4.857e+02      -1.153e-01
       4.869e+02      -9.095e-02
       4.881e+02      -6.096e-02
       4.893e+02      -8.314e-02
       4.905e+02      -8.604e-02
       4.917e+02      -1.003e-01
       4.929e+02      -9.114e-02
       4.941e+02      -8.087e-02
       4.953e+02      -6.968e-02
       4.965e+02      -6.550e-02
       4.978e+02      -7.573e-02
       4.990e+02      -9.443e-02
       5.002e+02      -9.535e-02
       5.014e+02      -8.724e-02
       5.026e+02      -9.722e-02
       5.038e+02      -1.024e-01
       5.050e+02      -1.105e-01
       5.062e+02      -7.492e-02
       5.074e+02      -8.084e-02
       5.086e+02      -8.196e-02
       5.098e+02      -1.108e-01
       5.110e+02      -1.156e-01
       5.122e+02      -1.101e-01
       5.135e+02      -9.267e-02
       5.147e+02      -1.125e-01
       5.159e+02      -1.011e-01
       5.171e+02      -9.457e-02
       5.183e+02      -1.045e-01
       5.195e+02      -8.519e-02
       5.207e+02      -1.166e-01
       5.219e+02      -1.080e-01
       5.231e+02      -8.257e-02
       5.243e+02      -9.040e-02
       5.255e+02      -1.583e-01
       5.267e+02      -1.185e-01
       5.279e+02      -1.022e-01
       5.292e+02      -8.694e-02
       5.304e+02      -1.171e-01
       5.316e+02      -1.102e-01
       5.328e+02      -1.327e-01
       5.340e+02      -1.209e-01
       5.352e+02      -1.094e-01
       5.364e+02      -1.156e-01
       5.376e+02      -1.223e-01
       5.388e+02      -1.126e-01
       5.400e+02      -1.344e-01
       5.412e+02      -1.328e-01
       5.424e+02      -1.598e-01
       5.436e+02      -1.356e-01
       5.449e+02      -1.188e-01
       5.461e+02      -1.382e-01
       5.473e+02      -1.191e-01
       5.485e+02      -1.403e-01
       5.497e+02      -1.480e-01
       5.509e+02      -1.301e-01
       5.521e+02      -9.978e-02
       5.533e+02      -1.400e-01
       5.545e+02      -1.552e-01
       5.557e+02      -1.447e-01
       5.569e+02      -1.697e-01
       5.581e+02      -1.287e-01
       5.593e+02      -1.485e-01
       5.606e+02      -1.485e-01
       5.618e+02      -1.368e-01
       5.630e+02      -1.476e-01
       5.642e+02      -1.467e-01
       5.654e+02      -1.662e-01
       5.666e+02      -1.514e-01
       5.678e+02      -1.521e-01
       5.690e+02      -1.607e-01
       5.702e+02      -1.431e-01
       5.714e+02      -1.501e-01
       5.726e+02      -1.669e-01
       5.738e+02      -1.870e-01
       5.751e+02      -1.834e-01
       5.763e+02      -1.278e-01
       5.775e+02      -1.744e-01
       5.787e+02      -1.999e-01
       5.799e+02      -1.963e-01
       5.811e+02      -1.769e-01
       5.823e+02      -1.860e-01
       5.835e+02      -1.402e-01
       5.847e+02      -1.770e-01
       5.859e+02      -1.447e-01
       5.871e+02      -1.876e-01
       5.883e+02      -1.779e-01
       5.895e+02      -2.041e-01
       5.908e+02      -1.935e-01
       5.920e+02      -1.564e-01
       5.932e+02      -1.734e-01
       5.944e+02      -1.713e-01
       5.956e+02      -1.763e-01
       5.968e+02      -1.636e-01
       5.980e+02      -1.861e-01
       5.992e+02      -2.466e-01
       6.004e+02      -1.690e-01
       6.016e+02      -1.888e-01
       6.028e+02      -2.027e-01
       6.040e+02      -1.905e-01
       6.052e+02      -2.314e-01
       6.065e+02      -2.095e-01
       6.077e+02      -2.330e-01
       6.089e+02      -1.949e-01
       6.101e+02      -2.081e-01
       6.113e+02      -2.190e-01
       6.125e+02      -2.016e-01
       6.137e+02      -1.907e-01
       6.149e+02      -2.153e-01
       6.161e+02      -2.298e-01
       6.173e+02      -2.235e-01
       6.185e+02      -2.314e-01
       6.197e+02      -2.101e-01
       6.209e+02      -2.118e-01
       6.222e+02      -1.956e-01
       6.234e+02      -2.184e-01
       6.246e+02      -2.164e-01
       6.258e+02      -2.556e-01
       6.270e+02      -2.428e-01
       6.282e+02      -2.234e-01
       6.294e+02      -2.058e-01
       6.306e+02      -2.147e-01
       6.318e+02      -2.259e-01