 
      12  PHL2525n60 STCOR   PHL2525_cleanbaseavg.fits
GALACTIC
coordinates (deg)    7.756058e+01 -7.131686e+01
VLSR          Ta*
      -5.905e+02       1.556e-02
      -5.893e+02       4.180e-02
      -5.881e+02       1.929e-02
      -5.869e+02       4.510e-02
      -5.857e+02       3.826e-02
      -5.845e+02       4.154e-02
      -5.833e+02       3.294e-02
      -5.820e+02       4.761e-02
      -5.808e+02       5.070e-02
      -5.796e+02       3.621e-02
      -5.784e+02       2.623e-02
      -5.772e+02       3.515e-02
      -5.760e+02       1.997e-02
      -5.748e+02       3.765e-02
      -5.736e+02       3.411e-02
      -5.724e+02       2.504e-02
      -5.712e+02       4.311e-02
      -5.700e+02       3.348e-02
      -5.688e+02       3.336e-02
      -5.676e+02       4.831e-02
      -5.663e+02       2.912e-02
      -5.651e+02       2.027e-03
      -5.639e+02       3.693e-02
      -5.627e+02       4.083e-02
      -5.615e+02       3.289e-02
      -5.603e+02      -7.603e-03
      -5.591e+02       3.733e-02
      -5.579e+02       1.793e-02
      -5.567e+02       4.188e-02
      -5.555e+02       3.046e-02
      -5.543e+02       3.189e-02
      -5.531e+02       3.556e-02
      -5.519e+02       1.487e-02
      -5.506e+02       6.711e-03
      -5.494e+02       1.776e-02
      -5.482e+02       1.887e-02
      -5.470e+02       1.453e-02
      -5.458e+02       2.423e-02
      -5.446e+02       7.412e-03
      -5.434e+02       1.040e-02
      -5.422e+02       4.753e-03
      -5.410e+02       3.804e-02
      -5.398e+02       1.192e-02
      -5.386e+02       1.531e-02
      -5.374e+02      -4.492e-03
      -5.362e+02       6.408e-03
      -5.349e+02       2.261e-02
      -5.337e+02      -7.378e-03
      -5.325e+02       5.356e-03
      -5.313e+02       1.685e-02
      -5.301e+02      -1.848e-03
      -5.289e+02       3.170e-03
      -5.277e+02       7.406e-03
      -5.265e+02       7.716e-03
      -5.253e+02       1.296e-02
      -5.241e+02       1.504e-02
      -5.229e+02      -1.387e-02
      -5.217e+02      -4.036e-03
      -5.204e+02       6.023e-03
      -5.192e+02      -3.213e-03
      -5.180e+02      -1.460e-02
      -5.168e+02      -1.207e-02
      -5.156e+02       9.278e-03
      -5.144e+02       7.765e-03
      -5.132e+02       5.778e-03
      -5.120e+02       7.263e-03
      -5.108e+02       1.417e-03
      -5.096e+02      -8.253e-03
      -5.084e+02      -9.620e-03
      -5.072e+02      -2.128e-03
      -5.060e+02      -3.205e-03
      -5.047e+02       6.065e-03
      -5.035e+02       1.145e-04
      -5.023e+02       3.285e-02
      -5.011e+02       2.745e-03
      -4.999e+02      -4.676e-03
      -4.987e+02       8.483e-03
      -4.975e+02       1.803e-02
      -4.963e+02       5.656e-03
      -4.951e+02       3.074e-02
      -4.939e+02      -6.477e-03
      -4.927e+02       1.151e-02
      -4.915e+02      -7.793e-03
      -4.903e+02       4.457e-04
      -4.890e+02      -1.147e-02
      -4.878e+02      -1.416e-02
      -4.866e+02       1.274e-02
      -4.854e+02      -1.090e-02
      -4.842e+02      -4.212e-03
      -4.830e+02       2.190e-02
      -4.818e+02      -7.327e-04
      -4.806e+02       1.128e-02
      -4.794e+02       6.982e-03
      -4.782e+02      -7.973e-03
      -4.770e+02      -1.318e-02
      -4.758e+02      -2.610e-02
      -4.746e+02      -1.977e-02
      -4.733e+02       1.445e-02
      -4.721e+02       2.880e-02
      -4.709e+02       6.525e-03
      -4.697e+02      -4.730e-03
      -4.685e+02      -5.641e-04
      -4.673e+02       1.729e-02
      -4.661e+02       1.042e-02
      -4.649e+02      -1.904e-03
      -4.637e+02       7.254e-03
      -4.625e+02       1.125e-03
      -4.613e+02       6.376e-03
      -4.601e+02       5.683e-03
      -4.589e+02      -1.479e-02
      -4.576e+02      -9.038e-03
      -4.564e+02       1.078e-02
      -4.552e+02       1.059e-02
      -4.540e+02      -1.077e-03
      -4.528e+02      -1.464e-02
      -4.516e+02      -3.470e-03
      -4.504e+02      -2.473e-03
      -4.492e+02      -1.294e-02
      -4.480e+02       9.722e-03
      -4.468e+02      -9.073e-03
      -4.456e+02      -1.826e-03
      -4.444e+02       6.782e-03
      -4.431e+02       4.365e-03
      -4.419e+02      -1.263e-02
      -4.407e+02       1.675e-02
      -4.395e+02       1.507e-02
      -4.383e+02       5.911e-03
      -4.371e+02      -9.187e-03
      -4.359e+02      -1.550e-03
      -4.347e+02       8.817e-03
      -4.335e+02       1.252e-02
      -4.323e+02      -6.412e-03
      -4.311e+02       3.582e-03
      -4.299e+02      -7.942e-04
      -4.287e+02      -1.227e-02
      -4.274e+02      -1.353e-02
      -4.262e+02      -1.096e-02
      -4.250e+02      -1.607e-02
      -4.238e+02      -5.962e-03
      -4.226e+02       2.000e-02
      -4.214e+02       3.307e-03
      -4.202e+02      -1.173e-02
      -4.190e+02      -1.593e-02
      -4.178e+02       3.653e-03
      -4.166e+02       1.284e-03
      -4.154e+02       3.570e-03
      -4.142e+02       5.520e-03
      -4.130e+02      -1.647e-02
      -4.117e+02      -8.641e-03
      -4.105e+02       1.358e-02
      -4.093e+02      -8.326e-03
      -4.081e+02       8.731e-04
      -4.069e+02      -1.308e-02
      -4.057e+02       1.956e-02
      -4.045e+02       6.065e-03
      -4.033e+02       5.088e-03
      -4.021e+02      -6.352e-03
      -4.009e+02      -9.388e-04
      -3.997e+02      -2.336e-02
      -3.985e+02       1.294e-02
      -3.973e+02      -1.329e-03
      -3.960e+02      -1.278e-02
      -3.948e+02      -2.635e-02
      -3.936e+02       1.402e-02
      -3.924e+02      -4.570e-03
      -3.912e+02       1.634e-02
      -3.900e+02      -7.257e-03
      -3.888e+02       5.232e-03
      -3.876e+02       1.487e-03
      -3.864e+02       3.453e-03
      -3.852e+02      -1.353e-02
      -3.840e+02       5.384e-03
      -3.828e+02       5.714e-04
      -3.815e+02      -6.174e-03
      -3.803e+02       3.081e-03
      -3.791e+02       1.254e-02
      -3.779e+02      -4.666e-03
      -3.767e+02      -1.558e-03
      -3.755e+02       7.678e-03
      -3.743e+02       8.838e-03
      -3.731e+02       6.626e-03
      -3.719e+02      -6.338e-03
      -3.707e+02      -1.115e-03
      -3.695e+02      -2.129e-02
      -3.683e+02      -3.672e-03
      -3.671e+02       4.717e-04
      -3.658e+02      -6.147e-03
      -3.646e+02       1.826e-02
      -3.634e+02       8.537e-03
      -3.622e+02      -1.723e-03
      -3.610e+02       2.971e-03
      -3.598e+02       1.843e-02
      -3.586e+02       8.517e-04
      -3.574e+02      -1.352e-02
      -3.562e+02       3.030e-03
      -3.550e+02      -2.457e-02
      -3.538e+02       1.244e-02
      -3.526e+02      -4.030e-03
      -3.514e+02      -1.562e-02
      -3.501e+02      -2.954e-03
      -3.489e+02       1.514e-02
      -3.477e+02      -8.082e-03
      -3.465e+02      -5.590e-03
      -3.453e+02       1.570e-02
      -3.441e+02      -3.876e-03
      -3.429e+02      -1.669e-02
      -3.417e+02       3.007e-03
      -3.405e+02      -5.476e-03
      -3.393e+02       1.034e-02
      -3.381e+02       1.052e-02
      -3.369e+02      -5.000e-03
      -3.357e+02      -5.448e-03
      -3.344e+02       1.153e-02
      -3.332e+02      -9.971e-03
      -3.320e+02       2.166e-02
      -3.308e+02       1.996e-03
      -3.296e+02      -5.623e-03
      -3.284e+02      -1.034e-04
      -3.272e+02       4.754e-03
      -3.260e+02       4.879e-03
      -3.248e+02      -1.774e-02
      -3.236e+02       1.165e-02
      -3.224e+02       1.268e-02
      -3.212e+02       1.263e-02
      -3.200e+02      -4.613e-03
      -3.187e+02       2.023e-02
      -3.175e+02       1.614e-02
      -3.163e+02      -2.095e-02
      -3.151e+02      -3.415e-03
      -3.139e+02       7.558e-03
      -3.127e+02       1.234e-02
      -3.115e+02      -3.469e-02
      -3.103e+02       1.023e-02
      -3.091e+02      -9.528e-03
      -3.079e+02       2.585e-03
      -3.067e+02      -1.404e-02
      -3.055e+02       7.317e-03
      -3.042e+02       8.141e-03
      -3.030e+02      -1.774e-02
      -3.018e+02       6.096e-03
      -3.006e+02       1.740e-02
      -2.994e+02      -2.835e-03
      -2.982e+02       7.139e-03
      -2.970e+02       7.297e-03
      -2.958e+02      -1.174e-02
      -2.946e+02      -7.694e-03
      -2.934e+02      -1.138e-02
      -2.922e+02      -1.726e-02
      -2.910e+02      -9.779e-03
      -2.898e+02      -1.236e-03
      -2.885e+02      -1.906e-03
      -2.873e+02       1.918e-02
      -2.861e+02      -1.530e-02
      -2.849e+02      -1.595e-02
      -2.837e+02       1.435e-02
      -2.825e+02       6.449e-04
      -2.813e+02       6.644e-03
      -2.801e+02      -1.354e-02
      -2.789e+02      -6.242e-03
      -2.777e+02       1.019e-02
      -2.765e+02      -1.619e-02
      -2.753e+02      -6.364e-03
      -2.741e+02      -8.237e-03
      -2.728e+02      -2.779e-02
      -2.716e+02       9.620e-03
      -2.704e+02       1.994e-02
      -2.692e+02      -8.384e-03
      -2.680e+02      -2.558e-03
      -2.668e+02      -3.192e-03
      -2.656e+02      -7.462e-03
      -2.644e+02       2.402e-03
      -2.632e+02      -1.926e-02
      -2.620e+02      -2.608e-03
      -2.608e+02       1.461e-02
      -2.596e+02      -1.199e-02
      -2.584e+02       4.388e-03
      -2.571e+02       4.551e-03
      -2.559e+02       1.630e-02
      -2.547e+02       4.577e-03
      -2.535e+02       3.985e-03
      -2.523e+02      -3.339e-03
      -2.511e+02       4.805e-03
      -2.499e+02       2.346e-03
      -2.487e+02       5.425e-03
      -2.475e+02       5.226e-03
      -2.463e+02       2.652e-02
      -2.451e+02       2.501e-02
      -2.439e+02       8.083e-03
      -2.426e+02       2.171e-02
      -2.414e+02       2.708e-02
      -2.402e+02       4.569e-02
      -2.390e+02       3.446e-02
      -2.378e+02       3.562e-02
      -2.366e+02       4.501e-02
      -2.354e+02       3.484e-02
      -2.342e+02       5.733e-02
      -2.330e+02       4.689e-02
      -2.318e+02       5.530e-02
      -2.306e+02       7.355e-02
      -2.294e+02       5.364e-02
      -2.282e+02       7.183e-02
      -2.269e+02       6.700e-02
      -2.257e+02       6.308e-02
      -2.245e+02       6.081e-02
      -2.233e+02       6.022e-02
      -2.221e+02       3.343e-02
      -2.209e+02       6.381e-02
      -2.197e+02       5.956e-02
      -2.185e+02       5.508e-02
      -2.173e+02       5.494e-02
      -2.161e+02       5.221e-02
      -2.149e+02       4.887e-02
      -2.137e+02       3.863e-02
      -2.125e+02       2.909e-02
      -2.112e+02       3.957e-02
      -2.100e+02       4.010e-02
      -2.088e+02       6.334e-02
      -2.076e+02       3.577e-02
      -2.064e+02       1.772e-02
      -2.052e+02       4.334e-02
      -2.040e+02       5.429e-02
      -2.028e+02       2.640e-02
      -2.016e+02       4.513e-02
      -2.004e+02       4.823e-02
      -1.992e+02       2.229e-02
      -1.980e+02       3.893e-02
      -1.968e+02       3.671e-02
      -1.955e+02       3.350e-02
      -1.943e+02       4.881e-02
      -1.931e+02       3.478e-02
      -1.919e+02       3.716e-02
      -1.907e+02       4.076e-02
      -1.895e+02       4.860e-02
      -1.883e+02       4.788e-02
      -1.871e+02       5.801e-02
      -1.859e+02       5.010e-02
      -1.847e+02       5.983e-02
      -1.835e+02       6.041e-02
      -1.823e+02       5.761e-02
      -1.810e+02       4.928e-02
      -1.798e+02       1.936e-02
      -1.786e+02       3.786e-02
      -1.774e+02       4.010e-02
      -1.762e+02       1.719e-02
      -1.750e+02       1.876e-02
      -1.738e+02       1.913e-02
      -1.726e+02       2.565e-02
      -1.714e+02       7.509e-03
      -1.702e+02       4.023e-02
      -1.690e+02       4.256e-02
      -1.678e+02       4.260e-02
      -1.666e+02       2.042e-02
      -1.653e+02      -3.751e-03
      -1.641e+02       1.476e-02
      -1.629e+02       7.158e-03
      -1.617e+02       2.417e-02
      -1.605e+02      -7.714e-03
      -1.593e+02       2.091e-02
      -1.581e+02       6.299e-03
      -1.569e+02       5.470e-03
      -1.557e+02       1.731e-02
      -1.545e+02       9.120e-03
      -1.533e+02       3.357e-03
      -1.521e+02       1.898e-02
      -1.509e+02       1.626e-02
      -1.496e+02       1.515e-02
      -1.484e+02       1.414e-02
      -1.472e+02       6.047e-03
      -1.460e+02       3.896e-02
      -1.448e+02      -5.130e-03
      -1.436e+02       2.575e-02
      -1.424e+02       1.316e-02
      -1.412e+02       2.153e-02
      -1.400e+02       1.405e-02
      -1.388e+02      -1.361e-02
      -1.376e+02       1.185e-03
      -1.364e+02       6.746e-03
      -1.352e+02       9.554e-03
      -1.339e+02       9.574e-03
      -1.327e+02       1.022e-02
      -1.315e+02      -1.549e-02
      -1.303e+02       1.347e-02
      -1.291e+02      -1.280e-02
      -1.279e+02      -6.098e-03
      -1.267e+02       1.922e-03
      -1.255e+02       4.658e-03
      -1.243e+02       4.999e-03
      -1.231e+02      -8.958e-03
      -1.219e+02      -1.092e-02
      -1.207e+02      -3.589e-04
      -1.195e+02       7.627e-03
      -1.182e+02      -7.721e-03
      -1.170e+02      -8.832e-03
      -1.158e+02       1.377e-02
      -1.146e+02       6.699e-03
      -1.134e+02       1.033e-02
      -1.122e+02       1.474e-02
      -1.110e+02      -3.768e-03
      -1.098e+02      -1.263e-02
      -1.086e+02       3.905e-03
      -1.074e+02       1.583e-02
      -1.062e+02       5.760e-03
      -1.050e+02       8.682e-04
      -1.037e+02      -7.508e-03
      -1.025e+02      -6.243e-04
      -1.013e+02       1.294e-02
      -1.001e+02      -1.098e-02
      -9.892e+01      -3.678e-03
      -9.771e+01      -8.892e-03
      -9.650e+01      -6.625e-03
      -9.529e+01       6.536e-03
      -9.409e+01       9.819e-05
      -9.288e+01       2.362e-02
      -9.167e+01       2.103e-03
      -9.046e+01       8.807e-04
      -8.925e+01       1.537e-02
      -8.805e+01       2.461e-02
      -8.684e+01       1.089e-03
      -8.563e+01       1.908e-02
      -8.442e+01       1.264e-02
      -8.322e+01       2.346e-04
      -8.201e+01       1.907e-02
      -8.080e+01       2.051e-02
      -7.959e+01       5.519e-03
      -7.838e+01       2.237e-02
      -7.718e+01       1.799e-03
      -7.597e+01       1.782e-02
      -7.476e+01      -3.841e-03
      -7.355e+01       3.702e-02
      -7.235e+01       1.356e-02
      -7.114e+01       3.046e-02
      -6.993e+01       2.400e-02
      -6.872e+01       2.162e-02
      -6.751e+01       2.096e-02
      -6.631e+01       1.952e-02
      -6.510e+01       3.530e-02
      -6.389e+01       2.882e-02
      -6.268e+01       3.354e-02
      -6.147e+01       3.909e-02
      -6.027e+01       1.273e-02
      -5.906e+01       2.661e-02
      -5.785e+01       3.830e-02
      -5.664e+01       3.100e-02
      -5.544e+01       3.146e-02
      -5.423e+01       4.119e-02
      -5.302e+01       4.687e-02
      -5.181e+01       4.382e-02
      -5.060e+01       6.005e-02
      -4.940e+01       5.694e-02
      -4.819e+01       5.850e-02
      -4.698e+01       8.046e-02
      -4.577e+01       1.007e-01
      -4.457e+01       1.030e-01
      -4.336e+01       1.184e-01
      -4.215e+01       1.249e-01
      -4.094e+01       1.063e-01
      -3.973e+01       1.486e-01
      -3.853e+01       1.373e-01
      -3.732e+01       1.632e-01
      -3.611e+01       1.430e-01
      -3.490e+01       1.541e-01
      -3.369e+01       1.779e-01
      -3.249e+01       1.806e-01
      -3.128e+01       1.882e-01
      -3.007e+01       2.333e-01
      -2.886e+01       2.428e-01
      -2.766e+01       2.633e-01
      -2.645e+01       3.025e-01
      -2.524e+01       3.592e-01
      -2.403e+01       4.532e-01
      -2.282e+01       5.445e-01
      -2.162e+01       6.690e-01
      -2.041e+01       8.494e-01
      -1.920e+01       1.067e+00
      -1.799e+01       1.346e+00
      -1.679e+01       1.698e+00
      -1.558e+01       2.003e+00
      -1.437e+01       2.213e+00
      -1.316e+01       2.422e+00
      -1.195e+01       2.708e+00
      -1.075e+01       3.062e+00
      -9.538e+00       3.451e+00
      -8.330e+00       3.903e+00
      -7.123e+00       4.416e+00
      -5.915e+00       5.010e+00
      -4.707e+00       5.707e+00
      -3.499e+00       6.149e+00
      -2.291e+00       6.170e+00
      -1.083e+00       5.773e+00
       1.244e-01       5.202e+00
       1.332e+00       4.540e+00
       2.540e+00       3.808e+00
       3.748e+00       3.129e+00
       4.956e+00       2.496e+00
       6.164e+00       1.940e+00
       7.371e+00       1.520e+00
       8.579e+00       1.154e+00
       9.787e+00       8.465e-01
       1.099e+01       6.467e-01
       1.220e+01       4.829e-01
       1.341e+01       3.604e-01
       1.462e+01       2.546e-01
       1.583e+01       1.837e-01
       1.703e+01       1.326e-01
       1.824e+01       1.023e-01
       1.945e+01       6.821e-02
       2.066e+01       6.579e-02
       2.187e+01       1.707e-02
       2.307e+01       1.445e-02
       2.428e+01       2.426e-02
       2.549e+01       8.073e-03
       2.670e+01       2.262e-02
       2.790e+01       2.491e-03
       2.911e+01      -1.111e-02
       3.032e+01       5.976e-04
       3.153e+01      -8.252e-03
       3.274e+01      -2.183e-02
       3.394e+01       5.440e-03
       3.515e+01      -1.697e-02
       3.636e+01       1.294e-02
       3.757e+01       1.493e-02
       3.877e+01      -2.581e-03
       3.998e+01      -3.863e-03
       4.119e+01      -2.521e-02
       4.240e+01      -1.005e-02
       4.361e+01      -1.871e-02
       4.481e+01      -1.256e-02
       4.602e+01       7.402e-04
       4.723e+01      -1.163e-02
       4.844e+01      -1.186e-02
       4.965e+01      -2.098e-02
       5.085e+01      -9.157e-03
       5.206e+01      -2.413e-03
       5.327e+01      -7.790e-03
       5.448e+01       1.662e-03
       5.568e+01      -5.295e-03
       5.689e+01       1.822e-02
       5.810e+01      -8.479e-03
       5.931e+01      -1.695e-02
       6.052e+01       2.727e-04
       6.172e+01      -1.031e-03
       6.293e+01      -1.757e-02
       6.414e+01       1.130e-02
       6.535e+01      -1.595e-02
       6.655e+01       3.867e-03
       6.776e+01      -2.285e-02
       6.897e+01      -1.220e-02
       7.018e+01      -1.741e-02
       7.139e+01      -1.395e-02
       7.259e+01      -1.044e-04
       7.380e+01      -8.037e-03
       7.501e+01      -2.309e-02
       7.622e+01       6.619e-04
       7.743e+01       1.962e-04
       7.863e+01      -6.177e-03
       7.984e+01      -1.847e-02
       8.105e+01      -1.114e-02
       8.226e+01      -5.256e-04
       8.346e+01      -3.265e-02
       8.467e+01      -1.063e-02
       8.588e+01       3.794e-03
       8.709e+01      -4.744e-03
       8.830e+01       1.724e-03
       8.950e+01      -1.479e-02
       9.071e+01       8.226e-03
       9.192e+01      -9.801e-05
       9.313e+01      -1.104e-02
       9.434e+01      -1.766e-02
       9.554e+01      -1.253e-02
       9.675e+01      -2.454e-02
       9.796e+01       2.870e-03
       9.917e+01       4.651e-03
       1.004e+02      -8.109e-03
       1.016e+02      -1.204e-02
       1.028e+02       6.384e-03
       1.040e+02      -5.462e-03
       1.052e+02      -1.109e-02
       1.064e+02       1.684e-02
       1.076e+02      -1.073e-02
       1.088e+02      -1.092e-02
       1.100e+02      -1.173e-02
       1.112e+02       7.895e-04
       1.125e+02      -2.003e-03
       1.137e+02       6.369e-04
       1.149e+02      -8.994e-03
       1.161e+02       3.181e-03
       1.173e+02      -1.536e-02
       1.185e+02       6.868e-03
       1.197e+02       4.060e-03
       1.209e+02      -1.681e-04
       1.221e+02      -4.377e-03
       1.233e+02      -1.897e-02
       1.245e+02       2.129e-02
       1.257e+02       1.578e-03
       1.269e+02       6.482e-04
       1.282e+02       6.984e-03
       1.294e+02       1.480e-02
       1.306e+02      -4.793e-03
       1.318e+02      -2.604e-02
       1.330e+02      -3.855e-03
       1.342e+02       7.688e-03
       1.354e+02      -6.609e-03
       1.366e+02       7.500e-03
       1.378e+02      -4.560e-03
       1.390e+02       1.246e-02
       1.402e+02       8.809e-03
       1.414e+02       5.916e-03
       1.426e+02      -2.603e-02
       1.439e+02       9.618e-03
       1.451e+02       1.539e-03
       1.463e+02      -2.942e-03
       1.475e+02      -9.521e-03
       1.487e+02      -6.008e-03
       1.499e+02       1.447e-02
       1.511e+02      -7.088e-03
       1.523e+02       1.569e-02
       1.535e+02      -1.510e-02
       1.547e+02      -7.182e-03
       1.559e+02       1.139e-03
       1.571e+02      -1.413e-02
       1.583e+02       1.035e-02
       1.596e+02       8.915e-03
       1.608e+02      -1.775e-02
       1.620e+02       4.464e-03
       1.632e+02       1.924e-03
       1.644e+02      -1.718e-02
       1.656e+02      -3.294e-03
       1.668e+02       4.621e-03
       1.680e+02      -1.367e-02
       1.692e+02       3.784e-03
       1.704e+02      -1.044e-02
       1.716e+02      -2.121e-02
       1.728e+02       1.758e-03
       1.741e+02       1.647e-02
       1.753e+02       1.536e-03
       1.765e+02      -2.003e-02
       1.777e+02       1.281e-02
       1.789e+02       3.571e-02
       1.801e+02       3.875e-03
       1.813e+02      -4.626e-03
       1.825e+02       7.968e-03
       1.837e+02      -1.152e-03
       1.849e+02       4.228e-03
       1.861e+02       3.309e-03
       1.873e+02       7.328e-03
       1.885e+02       5.600e-03
       1.898e+02      -4.240e-03
       1.910e+02       4.934e-03
       1.922e+02      -1.358e-02
       1.934e+02      -1.583e-02
       1.946e+02       2.244e-02
       1.958e+02       9.430e-03
       1.970e+02      -9.494e-03
       1.982e+02       5.608e-03
       1.994e+02       4.267e-03
       2.006e+02      -2.057e-03
       2.018e+02       9.367e-03
       2.030e+02      -7.474e-03
       2.042e+02       9.081e-03
       2.055e+02      -1.052e-02
       2.067e+02       5.290e-03
       2.079e+02      -8.112e-03
       2.091e+02      -4.218e-03
       2.103e+02      -7.998e-03
       2.115e+02       5.429e-03
       2.127e+02      -1.816e-03
       2.139e+02      -5.001e-03
       2.151e+02       7.188e-03
       2.163e+02       2.241e-02
       2.175e+02      -3.036e-03
       2.187e+02       4.336e-03
       2.199e+02       3.374e-02
       2.212e+02       1.242e-02
       2.224e+02       1.012e-02
       2.236e+02      -2.371e-03
       2.248e+02       3.262e-03
       2.260e+02      -1.020e-02
       2.272e+02       9.145e-03
       2.284e+02       1.785e-02
       2.296e+02      -1.981e-03
       2.308e+02       1.287e-03
       2.320e+02       8.908e-03
       2.332e+02       7.298e-03
       2.344e+02       2.639e-02
       2.357e+02       8.064e-03
       2.369e+02      -6.662e-03
       2.381e+02       1.002e-02
       2.393e+02       2.601e-02
       2.405e+02      -5.294e-03
       2.417e+02      -1.000e-02
       2.429e+02      -4.351e-03
       2.441e+02      -1.198e-02
       2.453e+02      -1.235e-02
       2.465e+02       1.363e-03
       2.477e+02       1.039e-02
       2.489e+02      -8.231e-03
       2.501e+02       1.079e-02
       2.514e+02       1.532e-03
       2.526e+02      -2.748e-03
       2.538e+02       1.101e-02
       2.550e+02       7.366e-03
       2.562e+02      -1.388e-02
       2.574e+02       4.761e-03
       2.586e+02       2.809e-03
       2.598e+02      -4.111e-03
       2.610e+02       1.117e-02
       2.622e+02       1.404e-02
       2.634e+02       2.018e-02
       2.646e+02       2.133e-02
       2.658e+02      -8.910e-03
       2.671e+02      -5.904e-04
       2.683e+02      -6.228e-03
       2.695e+02      -1.544e-02
       2.707e+02       4.478e-04
       2.719e+02      -8.950e-03
       2.731e+02      -8.737e-03
       2.743e+02      -1.987e-02
       2.755e+02      -4.534e-03
       2.767e+02       1.632e-03
       2.779e+02      -1.826e-02
       2.791e+02       2.256e-03
       2.803e+02      -9.550e-03
       2.815e+02      -1.784e-03
       2.828e+02      -1.108e-02
       2.840e+02       3.759e-03
       2.852e+02       7.930e-03
       2.864e+02       7.458e-03
       2.876e+02      -4.536e-03
       2.888e+02       1.083e-02
       2.900e+02       2.765e-03
       2.912e+02      -1.073e-02
       2.924e+02      -2.820e-03
       2.936e+02      -7.181e-03
       2.948e+02      -1.250e-02
       2.960e+02       3.539e-03
       2.973e+02       1.755e-02
       2.985e+02      -3.143e-02
       2.997e+02       8.573e-03
       3.009e+02      -1.541e-02
       3.021e+02       1.431e-02
       3.033e+02       1.607e-04
       3.045e+02      -1.190e-02
       3.057e+02      -2.970e-02
       3.069e+02       9.815e-03
       3.081e+02       8.413e-03
       3.093e+02      -5.247e-03
       3.105e+02       6.606e-03
       3.117e+02       1.319e-02
       3.130e+02      -1.758e-02
       3.142e+02       1.088e-02
       3.154e+02      -8.181e-03
       3.166e+02      -6.258e-03
       3.178e+02       6.093e-03
       3.190e+02       8.116e-04
       3.202e+02      -1.726e-02
       3.214e+02      -2.387e-02
       3.226e+02      -6.450e-03
       3.238e+02       6.140e-03
       3.250e+02      -8.978e-03
       3.262e+02       9.947e-03
       3.274e+02       5.345e-03
       3.287e+02      -3.435e-02
       3.299e+02       1.111e-02
       3.311e+02       2.170e-03
       3.323e+02       1.304e-02
       3.335e+02      -1.658e-02
       3.347e+02      -1.795e-02
       3.359e+02      -4.761e-03
       3.371e+02      -3.612e-03
       3.383e+02      -1.177e-03
       3.395e+02       1.287e-02
       3.407e+02      -9.209e-03
       3.419e+02       2.533e-03
       3.431e+02       2.341e-02
       3.444e+02       1.227e-02
       3.456e+02      -1.924e-04
       3.468e+02       8.748e-03
       3.480e+02      -3.718e-03
       3.492e+02      -7.237e-04
       3.504e+02       1.965e-02
       3.516e+02       3.383e-03
       3.528e+02      -8.075e-03
       3.540e+02      -8.027e-04
       3.552e+02      -1.576e-03
       3.564e+02       7.136e-03
       3.576e+02      -4.648e-03
       3.588e+02      -2.614e-04
       3.601e+02      -3.014e-03
       3.613e+02      -4.797e-03
       3.625e+02      -1.480e-02
       3.637e+02       3.763e-03
       3.649e+02      -2.861e-02
       3.661e+02       5.707e-03
       3.673e+02      -3.546e-03
       3.685e+02       1.021e-02
       3.697e+02       5.878e-03
       3.709e+02       1.144e-03
       3.721e+02       1.303e-02
       3.733e+02       1.725e-02
       3.746e+02      -2.047e-02
       3.758e+02      -1.438e-02
       3.770e+02       1.033e-02
       3.782e+02      -4.967e-04
       3.794e+02      -3.429e-03
       3.806e+02       8.040e-04
       3.818e+02      -1.532e-03
       3.830e+02       6.068e-03
       3.842e+02       1.421e-03
       3.854e+02       1.047e-03
       3.866e+02       2.878e-04
       3.878e+02       1.560e-02
       3.890e+02       7.125e-03
       3.903e+02       1.567e-02
       3.915e+02       2.654e-02
       3.927e+02       2.923e-02
       3.939e+02       2.654e-03
       3.951e+02      -1.893e-02
       3.963e+02      -5.260e-02
       3.975e+02      -5.475e-02
       3.987e+02      -1.062e-01
       3.999e+02      -9.417e-02
       4.011e+02      -1.292e-01
       4.023e+02      -5.977e-02
       4.035e+02       1.192e-02
       4.047e+02       1.985e-02
       4.060e+02      -7.538e-03
       4.072e+02      -1.167e-02
       4.084e+02      -3.206e-03
       4.096e+02       1.521e-03
       4.108e+02      -5.989e-03
       4.120e+02       1.096e-02
       4.132e+02      -1.835e-03
       4.144e+02       8.269e-03
       4.156e+02       1.190e-03
       4.168e+02      -2.017e-02
       4.180e+02       2.199e-03
       4.192e+02       1.151e-02
       4.204e+02      -9.509e-04
       4.217e+02       1.708e-02
       4.229e+02       2.771e-03
       4.241e+02      -4.687e-03
       4.253e+02      -1.532e-02
       4.265e+02      -2.397e-03
       4.277e+02       1.006e-02
       4.289e+02      -1.116e-02
       4.301e+02      -7.439e-03
       4.313e+02      -4.476e-03
       4.325e+02       1.234e-02
       4.337e+02      -6.220e-03
       4.349e+02      -1.805e-03
       4.362e+02       3.245e-02
       4.374e+02       1.937e-03
       4.386e+02       1.025e-02
       4.398e+02       4.086e-04
       4.410e+02      -1.491e-03
       4.422e+02      -1.053e-02
       4.434e+02       5.404e-04
       4.446e+02      -5.314e-03
       4.458e+02      -1.144e-03
       4.470e+02       7.528e-03
       4.482e+02      -2.149e-04
       4.494e+02       1.678e-04
       4.506e+02       9.290e-03
       4.519e+02       2.131e-02
       4.531e+02       3.213e-03
       4.543e+02      -1.528e-03
       4.555e+02       1.094e-02
       4.567e+02      -1.863e-02
       4.579e+02      -6.865e-03
       4.591e+02       2.173e-03
       4.603e+02       1.841e-02
       4.615e+02       5.273e-03
       4.627e+02       1.591e-02
       4.639e+02       7.781e-03
       4.651e+02       8.013e-03
       4.663e+02       2.383e-02
       4.676e+02       1.223e-02
       4.688e+02      -7.867e-03
       4.700e+02       3.505e-03
       4.712e+02      -1.472e-03
       4.724e+02       2.261e-02
       4.736e+02       2.622e-02
       4.748e+02       1.356e-03
       4.760e+02       4.381e-03
       4.772e+02      -2.004e-03
       4.784e+02      -3.036e-03
       4.796e+02       1.548e-02
       4.808e+02       8.818e-03
       4.820e+02       1.768e-02
       4.833e+02       7.581e-03
       4.845e+02       9.600e-03
       4.857e+02       5.466e-03
       4.869e+02       3.683e-03
       4.881e+02       9.461e-04
       4.893e+02       1.263e-02
       4.905e+02       7.313e-03
       4.917e+02       1.695e-02
       4.929e+02      -4.803e-03
       4.941e+02      -1.897e-03
       4.953e+02      -7.814e-03
       4.965e+02       1.437e-02
       4.977e+02      -1.771e-02
       4.990e+02      -4.246e-02
       5.002e+02      -1.141e-02
       5.014e+02       1.007e-03
       5.026e+02      -2.504e-02
       5.038e+02      -1.988e-03
       5.050e+02      -2.138e-02
       5.062e+02      -2.740e-02
       5.074e+02      -1.147e-02
       5.086e+02      -2.866e-02
       5.098e+02      -4.065e-02
       5.110e+02      -7.792e-03
       5.122e+02      -2.425e-02
       5.135e+02      -4.296e-02
       5.147e+02      -1.427e-02
       5.159e+02      -2.530e-02
       5.171e+02      -1.618e-02
       5.183e+02      -5.252e-02
       5.195e+02      -1.750e-02
       5.207e+02      -2.140e-02
       5.219e+02      -2.410e-02
       5.231e+02      -2.077e-02
       5.243e+02      -1.842e-02
       5.255e+02      -9.272e-03
       5.267e+02      -2.825e-03
       5.279e+02      -3.588e-02
       5.292e+02      -1.519e-02
       5.304e+02      -6.787e-03
       5.316e+02      -2.232e-02
       5.328e+02      -1.444e-02
       5.340e+02      -1.516e-02
       5.352e+02      -1.818e-02
       5.364e+02      -1.220e-02
       5.376e+02      -3.453e-02
       5.388e+02      -1.753e-02
       5.400e+02      -3.192e-03
       5.412e+02      -2.015e-02
       5.424e+02      -1.005e-02
       5.436e+02      -1.247e-02
       5.449e+02      -2.492e-02
       5.461e+02      -2.430e-03
       5.473e+02      -1.426e-02
       5.485e+02      -1.410e-02
       5.497e+02      -1.949e-02
       5.509e+02      -2.315e-02
       5.521e+02      -2.377e-02
       5.533e+02      -1.755e-02
       5.545e+02      -3.962e-02
       5.557e+02      -4.003e-02
       5.569e+02      -1.386e-02
       5.581e+02      -7.144e-03
       5.593e+02      -6.567e-03
       5.606e+02      -1.894e-02
       5.618e+02      -2.168e-02
       5.630e+02      -9.112e-03
       5.642e+02      -1.311e-03
       5.654e+02      -7.144e-03
       5.666e+02       6.651e-03
       5.678e+02       1.206e-02
       5.690e+02      -2.318e-02
       5.702e+02      -1.736e-02
       5.714e+02      -3.964e-02
       5.726e+02      -3.859e-03
       5.738e+02       1.033e-02
       5.751e+02       7.896e-04
       5.763e+02      -1.316e-02
       5.775e+02      -1.364e-02
       5.787e+02       9.486e-03
       5.799e+02      -3.857e-02
       5.811e+02       4.648e-04
       5.823e+02       6.814e-03
       5.835e+02      -1.375e-02
       5.847e+02       6.140e-03
       5.859e+02      -1.295e-02
       5.871e+02      -7.311e-03
       5.883e+02       1.232e-02
       5.895e+02      -1.303e-03
       5.908e+02      -1.643e-03
       5.920e+02      -2.757e-02
       5.932e+02      -7.401e-03
       5.944e+02       3.931e-04
       5.956e+02      -1.539e-02
       5.968e+02      -2.847e-02
       5.980e+02      -3.590e-03
       5.992e+02       4.539e-03
       6.004e+02       3.901e-03
       6.016e+02      -9.175e-03
       6.028e+02       9.512e-03
       6.040e+02       6.326e-03
       6.052e+02      -1.181e-02
       6.065e+02      -3.699e-03
       6.077e+02       1.700e-03
       6.089e+02      -1.844e-02
       6.101e+02       2.974e-03
       6.113e+02      -6.329e-03
       6.125e+02       8.914e-03
       6.137e+02       4.179e-03
       6.149e+02      -1.837e-02
       6.161e+02       1.280e-02
       6.173e+02       5.864e-03
       6.185e+02      -1.730e-03
       6.197e+02      -1.190e-02
       6.209e+02      -6.848e-03
       6.222e+02       1.279e-02
       6.234e+02      -7.773e-03
       6.246e+02       8.063e-03
       6.258e+02      -2.049e-02
       6.270e+02       4.019e-03
       6.282e+02       8.578e-03
       6.294e+02      -6.343e-04
       6.306e+02      -9.268e-03
       6.318e+02      -4.438e-03
