      27  PHL2525pp3 STCOR 0   PHL2525_cleanbaseavg.fits
GALACTIC
coordinates (deg)    8.220372e+01 -7.081595e+01
VLSR          Ta*
      -5.905e+02      -2.520e-02
      -5.893e+02       2.588e-02
      -5.881e+02       8.177e-03
      -5.869e+02       2.694e-02
      -5.857e+02       2.455e-02
      -5.845e+02       5.921e-02
      -5.833e+02       3.362e-02
      -5.820e+02       9.005e-03
      -5.808e+02       3.550e-02
      -5.796e+02       9.683e-03
      -5.784e+02       4.688e-02
      -5.772e+02       3.450e-02
      -5.760e+02       6.027e-02
      -5.748e+02       2.278e-02
      -5.736e+02       1.192e-02
      -5.724e+02       2.101e-02
      -5.712e+02       3.566e-02
      -5.700e+02       2.547e-02
      -5.688e+02       2.549e-02
      -5.676e+02       2.031e-02
      -5.663e+02       4.508e-02
      -5.651e+02       2.835e-02
      -5.639e+02       1.848e-02
      -5.627e+02       2.891e-02
      -5.615e+02       2.243e-02
      -5.603e+02      -9.383e-03
      -5.591e+02       1.172e-02
      -5.579e+02       1.430e-03
      -5.567e+02       3.058e-02
      -5.555e+02       2.161e-02
      -5.543e+02       8.267e-03
      -5.531e+02       4.857e-02
      -5.519e+02       2.275e-02
      -5.506e+02       3.227e-02
      -5.494e+02       1.952e-02
      -5.482e+02       1.272e-02
      -5.470e+02       1.441e-02
      -5.458e+02       6.148e-03
      -5.446e+02       1.067e-03
      -5.434e+02      -6.876e-03
      -5.422e+02      -9.535e-03
      -5.410e+02       3.547e-03
      -5.398e+02       1.079e-02
      -5.386e+02       2.207e-02
      -5.374e+02       1.908e-02
      -5.362e+02       1.961e-02
      -5.349e+02       3.935e-03
      -5.337e+02       1.026e-02
      -5.325e+02      -1.220e-02
      -5.313e+02      -6.319e-03
      -5.301e+02       5.004e-03
      -5.289e+02      -1.422e-02
      -5.277e+02       5.327e-03
      -5.265e+02       2.953e-02
      -5.253e+02      -5.707e-03
      -5.241e+02      -1.213e-02
      -5.229e+02      -1.202e-02
      -5.217e+02      -7.870e-03
      -5.204e+02      -5.148e-03
      -5.192e+02      -1.026e-02
      -5.180e+02       1.552e-02
      -5.168e+02       2.128e-02
      -5.156e+02      -2.623e-02
      -5.144e+02      -2.334e-02
      -5.132e+02       1.459e-02
      -5.120e+02      -1.395e-02
      -5.108e+02      -1.891e-03
      -5.096e+02      -6.550e-03
      -5.084e+02      -8.285e-03
      -5.072e+02       2.616e-02
      -5.060e+02       2.485e-03
      -5.047e+02       7.399e-03
      -5.035e+02       2.626e-02
      -5.023e+02      -1.124e-02
      -5.011e+02       3.312e-03
      -4.999e+02       3.321e-02
      -4.987e+02       2.159e-02
      -4.975e+02       8.147e-03
      -4.963e+02      -1.754e-02
      -4.951e+02      -3.560e-02
      -4.939e+02       6.487e-03
      -4.927e+02      -4.156e-03
      -4.915e+02       1.079e-02
      -4.903e+02       1.629e-02
      -4.890e+02      -1.162e-02
      -4.878e+02       9.169e-03
      -4.866e+02       2.586e-03
      -4.854e+02       3.485e-02
      -4.842e+02       1.421e-02
      -4.830e+02      -1.879e-02
      -4.818e+02      -1.617e-03
      -4.806e+02      -9.224e-03
      -4.794e+02      -4.606e-03
      -4.782e+02      -7.946e-03
      -4.770e+02      -1.005e-02
      -4.758e+02      -8.711e-03
      -4.746e+02      -2.163e-02
      -4.733e+02       8.700e-03
      -4.721e+02      -1.891e-03
      -4.709e+02      -6.760e-03
      -4.697e+02       1.265e-02
      -4.685e+02       2.359e-02
      -4.673e+02       5.195e-03
      -4.661e+02       1.491e-02
      -4.649e+02       2.217e-02
      -4.637e+02       2.120e-02
      -4.625e+02       1.637e-03
      -4.613e+02       1.885e-02
      -4.601e+02      -2.210e-02
      -4.589e+02      -2.223e-02
      -4.576e+02       4.906e-03
      -4.564e+02       1.499e-02
      -4.552e+02      -2.755e-02
      -4.540e+02       1.119e-02
      -4.528e+02       1.635e-02
      -4.516e+02      -1.689e-03
      -4.504e+02      -2.186e-03
      -4.492e+02       2.483e-02
      -4.480e+02      -1.040e-02
      -4.468e+02      -1.919e-02
      -4.456e+02       2.059e-02
      -4.444e+02      -2.089e-02
      -4.431e+02      -2.165e-02
      -4.419e+02      -7.249e-03
      -4.407e+02       2.997e-02
      -4.395e+02       1.542e-02
      -4.383e+02      -1.697e-02
      -4.371e+02      -2.521e-02
      -4.359e+02       6.373e-03
      -4.347e+02      -6.635e-03
      -4.335e+02       2.075e-02
      -4.323e+02       4.873e-03
      -4.311e+02       2.396e-03
      -4.299e+02       9.897e-03
      -4.287e+02      -3.518e-02
      -4.274e+02      -2.489e-02
      -4.262e+02       2.097e-02
      -4.250e+02      -1.244e-02
      -4.238e+02      -2.071e-02
      -4.226e+02       2.523e-02
      -4.214e+02      -2.367e-02
      -4.202e+02      -6.520e-03
      -4.190e+02       2.005e-04
      -4.178e+02       1.018e-02
      -4.166e+02      -4.923e-03
      -4.154e+02      -3.006e-03
      -4.142e+02      -3.041e-02
      -4.130e+02      -1.490e-02
      -4.117e+02       1.560e-02
      -4.105e+02      -7.310e-03
      -4.093e+02      -1.115e-02
      -4.081e+02      -9.569e-04
      -4.069e+02       1.497e-03
      -4.057e+02       1.333e-02
      -4.045e+02       5.108e-03
      -4.033e+02      -1.655e-02
      -4.021e+02      -5.054e-03
      -4.009e+02      -1.900e-02
      -3.997e+02       1.606e-02
      -3.985e+02      -1.041e-02
      -3.973e+02      -2.513e-03
      -3.960e+02       3.181e-03
      -3.948e+02      -1.639e-02
      -3.936e+02       1.077e-02
      -3.924e+02       1.300e-02
      -3.912e+02       7.779e-03
      -3.900e+02       1.827e-02
      -3.888e+02       7.559e-03
      -3.876e+02      -2.231e-02
      -3.864e+02      -6.440e-03
      -3.852e+02      -5.309e-04
      -3.840e+02      -8.672e-03
      -3.828e+02       1.797e-02
      -3.815e+02       3.249e-02
      -3.803e+02      -5.278e-03
      -3.791e+02       9.350e-03
      -3.779e+02      -5.601e-03
      -3.767e+02      -2.834e-03
      -3.755e+02      -9.666e-03
      -3.743e+02       3.296e-02
      -3.731e+02       7.599e-03
      -3.719e+02      -2.043e-02
      -3.707e+02       1.821e-02
      -3.695e+02      -1.708e-02
      -3.683e+02       1.036e-02
      -3.671e+02       9.638e-03
      -3.658e+02      -5.095e-03
      -3.646e+02      -1.550e-02
      -3.634e+02      -5.614e-03
      -3.622e+02      -1.108e-02
      -3.610e+02       7.003e-03
      -3.598e+02       1.689e-02
      -3.586e+02       1.443e-02
      -3.574e+02       3.801e-03
      -3.562e+02       8.028e-03
      -3.550e+02       5.283e-03
      -3.538e+02      -2.151e-02
      -3.526e+02      -2.057e-02
      -3.514e+02      -2.635e-02
      -3.501e+02      -2.414e-03
      -3.489e+02      -8.192e-03
      -3.477e+02      -1.734e-02
      -3.465e+02       8.001e-03
      -3.453e+02       1.598e-02
      -3.441e+02       3.397e-02
      -3.429e+02      -2.124e-02
      -3.417e+02      -1.779e-02
      -3.405e+02       1.442e-02
      -3.393e+02      -5.950e-03
      -3.381e+02       7.495e-03
      -3.369e+02       4.797e-03
      -3.357e+02       8.133e-03
      -3.344e+02      -1.219e-02
      -3.332e+02      -1.449e-02
      -3.320e+02      -1.273e-03
      -3.308e+02       1.990e-02
      -3.296e+02       2.354e-02
      -3.284e+02       1.127e-02
      -3.272e+02      -4.250e-03
      -3.260e+02       7.285e-03
      -3.248e+02       2.544e-03
      -3.236e+02      -2.485e-02
      -3.224e+02      -1.261e-02
      -3.212e+02       1.527e-02
      -3.200e+02       3.348e-03
      -3.187e+02       2.212e-02
      -3.175e+02      -2.574e-03
      -3.163e+02      -4.282e-03
      -3.151e+02      -1.692e-05
      -3.139e+02      -1.546e-02
      -3.127e+02       1.781e-03
      -3.115e+02      -1.506e-05
      -3.103e+02      -2.893e-02
      -3.091e+02       6.781e-03
      -3.079e+02       1.389e-03
      -3.067e+02       9.461e-04
      -3.055e+02       3.630e-02
      -3.042e+02       9.404e-03
      -3.030e+02       9.343e-04
      -3.018e+02       1.794e-02
      -3.006e+02      -5.950e-03
      -2.994e+02       2.262e-02
      -2.982e+02       4.437e-03
      -2.970e+02      -1.777e-02
      -2.958e+02      -2.732e-03
      -2.946e+02      -1.372e-02
      -2.934e+02      -3.498e-03
      -2.922e+02       4.049e-02
      -2.910e+02       2.837e-02
      -2.898e+02       1.728e-03
      -2.885e+02       3.704e-03
      -2.873e+02      -1.676e-02
      -2.861e+02       3.178e-02
      -2.849e+02       8.759e-03
      -2.837e+02      -5.592e-03
      -2.825e+02      -1.059e-02
      -2.813e+02      -1.079e-03
      -2.801e+02       5.332e-03
      -2.789e+02      -4.433e-04
      -2.777e+02      -1.046e-02
      -2.765e+02       1.089e-02
      -2.753e+02       4.057e-03
      -2.741e+02       4.261e-02
      -2.728e+02      -2.124e-02
      -2.716e+02      -4.643e-03
      -2.704e+02      -1.094e-04
      -2.692e+02       3.038e-03
      -2.680e+02      -1.027e-02
      -2.668e+02       9.149e-03
      -2.656e+02      -2.687e-03
      -2.644e+02      -1.230e-02
      -2.632e+02      -1.134e-02
      -2.620e+02      -2.098e-02
      -2.608e+02       4.590e-03
      -2.596e+02      -1.072e-02
      -2.584e+02       7.006e-03
      -2.571e+02      -9.498e-03
      -2.559e+02      -1.231e-03
      -2.547e+02       1.712e-02
      -2.535e+02      -1.522e-02
      -2.523e+02      -2.534e-02
      -2.511e+02       1.410e-02
      -2.499e+02       1.899e-03
      -2.487e+02       1.252e-02
      -2.475e+02       4.253e-03
      -2.463e+02       1.381e-03
      -2.451e+02      -1.118e-02
      -2.439e+02      -2.683e-02
      -2.426e+02       3.150e-02
      -2.414e+02       3.694e-02
      -2.402e+02       2.940e-02
      -2.390e+02       2.599e-03
      -2.378e+02       1.379e-02
      -2.366e+02      -2.389e-02
      -2.354e+02       8.637e-03
      -2.342e+02      -2.689e-02
      -2.330e+02      -8.576e-03
      -2.318e+02       1.357e-02
      -2.306e+02       3.741e-02
      -2.294e+02       1.015e-02
      -2.282e+02       1.121e-02
      -2.269e+02      -6.282e-03
      -2.257e+02       1.872e-03
      -2.245e+02      -2.084e-02
      -2.233e+02       1.247e-02
      -2.221e+02       2.782e-02
      -2.209e+02       3.361e-02
      -2.197e+02       1.403e-02
      -2.185e+02      -1.235e-02
      -2.173e+02      -2.090e-03
      -2.161e+02      -2.291e-02
      -2.149e+02       2.587e-02
      -2.137e+02       1.736e-02
      -2.125e+02       8.168e-03
      -2.112e+02      -1.579e-02
      -2.100e+02       1.715e-02
      -2.088e+02       5.815e-03
      -2.076e+02      -7.001e-03
      -2.064e+02      -2.283e-02
      -2.052e+02       9.142e-04
      -2.040e+02       1.349e-02
      -2.028e+02      -7.724e-03
      -2.016e+02       1.734e-02
      -2.004e+02       1.798e-02
      -1.992e+02      -4.110e-02
      -1.980e+02       1.320e-02
      -1.968e+02       7.211e-03
      -1.955e+02       5.773e-03
      -1.943e+02       1.135e-02
      -1.931e+02       8.109e-03
      -1.919e+02      -5.509e-03
      -1.907e+02       7.978e-03
      -1.895e+02       1.526e-02
      -1.883e+02       1.890e-02
      -1.871e+02       9.056e-03
      -1.859e+02       2.008e-02
      -1.847e+02       2.718e-03
      -1.835e+02       5.197e-04
      -1.823e+02       5.170e-03
      -1.810e+02      -1.319e-02
      -1.798e+02       2.480e-02
      -1.786e+02      -2.793e-02
      -1.774e+02      -2.139e-03
      -1.762e+02      -2.100e-03
      -1.750e+02      -1.267e-02
      -1.738e+02      -1.415e-02
      -1.726e+02      -3.585e-02
      -1.714e+02      -2.317e-02
      -1.702e+02      -1.836e-03
      -1.690e+02      -5.477e-03
      -1.678e+02      -1.420e-02
      -1.666e+02      -1.130e-02
      -1.653e+02       7.146e-03
      -1.641e+02      -5.304e-03
      -1.629e+02      -2.210e-03
      -1.617e+02       1.210e-02
      -1.605e+02       1.252e-02
      -1.593e+02      -2.051e-03
      -1.581e+02      -5.843e-03
      -1.569e+02       1.008e-02
      -1.557e+02       6.357e-03
      -1.545e+02       1.213e-02
      -1.533e+02       3.353e-03
      -1.521e+02      -3.846e-03
      -1.509e+02      -1.323e-02
      -1.496e+02       1.551e-02
      -1.484e+02       1.299e-02
      -1.472e+02       1.160e-02
      -1.460e+02      -2.192e-02
      -1.448e+02       2.566e-02
      -1.436e+02       1.146e-02
      -1.424e+02       7.445e-04
      -1.412e+02      -1.166e-03
      -1.400e+02       3.156e-02
      -1.388e+02       3.973e-03
      -1.376e+02      -1.105e-02
      -1.364e+02      -5.504e-03
      -1.352e+02       1.912e-02
      -1.339e+02      -3.293e-02
      -1.327e+02      -6.306e-03
      -1.315e+02      -1.321e-02
      -1.303e+02       2.001e-02
      -1.291e+02       8.295e-03
      -1.279e+02       1.757e-02
      -1.267e+02       1.631e-04
      -1.255e+02       3.463e-02
      -1.243e+02       1.565e-04
      -1.231e+02       4.669e-03
      -1.219e+02       1.959e-03
      -1.207e+02      -2.487e-02
      -1.195e+02      -1.451e-02
      -1.182e+02      -7.398e-03
      -1.170e+02      -1.017e-02
      -1.158e+02      -8.561e-03
      -1.146e+02       4.030e-03
      -1.134e+02      -7.999e-03
      -1.122e+02       6.890e-03
      -1.110e+02       1.115e-02
      -1.098e+02       2.303e-02
      -1.086e+02      -5.988e-03
      -1.074e+02       5.560e-03
      -1.062e+02       1.422e-02
      -1.050e+02       1.191e-02
      -1.037e+02       1.138e-02
      -1.025e+02       1.078e-02
      -1.013e+02       2.085e-02
      -1.001e+02       2.108e-04
      -9.892e+01       6.601e-03
      -9.771e+01      -5.942e-03
      -9.650e+01       2.384e-02
      -9.529e+01       1.960e-02
      -9.409e+01       5.646e-03
      -9.288e+01       6.261e-03
      -9.167e+01       2.465e-02
      -9.046e+01       1.864e-02
      -8.925e+01      -2.375e-03
      -8.805e+01       6.635e-04
      -8.684e+01       1.324e-02
      -8.563e+01       2.231e-02
      -8.442e+01      -6.616e-03
      -8.322e+01      -6.343e-03
      -8.201e+01      -9.099e-03
      -8.080e+01      -8.210e-03
      -7.959e+01       4.458e-03
      -7.838e+01       1.494e-02
      -7.718e+01       2.884e-02
      -7.597e+01       1.628e-02
      -7.476e+01      -1.225e-03
      -7.355e+01       2.465e-02
      -7.235e+01       2.758e-02
      -7.114e+01       1.768e-02
      -6.993e+01       4.348e-02
      -6.872e+01       4.416e-02
      -6.751e+01       3.965e-02
      -6.631e+01       5.313e-02
      -6.510e+01       1.795e-02
      -6.389e+01       1.488e-02
      -6.268e+01       1.435e-02
      -6.147e+01       3.160e-02
      -6.027e+01       5.023e-02
      -5.906e+01       2.355e-02
      -5.785e+01       4.565e-02
      -5.664e+01       3.890e-02
      -5.544e+01       3.630e-02
      -5.423e+01       3.328e-02
      -5.302e+01       4.009e-02
      -5.181e+01       4.014e-02
      -5.060e+01       5.722e-02
      -4.940e+01       5.359e-02
      -4.819e+01       2.204e-02
      -4.698e+01       2.811e-02
      -4.577e+01       5.769e-02
      -4.457e+01       4.946e-02
      -4.336e+01       3.739e-02
      -4.215e+01       5.452e-02
      -4.094e+01       4.701e-02
      -3.973e+01       7.741e-02
      -3.853e+01       7.891e-02
      -3.732e+01       7.574e-02
      -3.611e+01       7.911e-02
      -3.490e+01       6.532e-02
      -3.369e+01       1.136e-01
      -3.249e+01       8.994e-02
      -3.128e+01       1.355e-01
      -3.007e+01       1.539e-01
      -2.886e+01       1.846e-01
      -2.766e+01       2.422e-01
      -2.645e+01       3.235e-01
      -2.524e+01       3.781e-01
      -2.403e+01       4.810e-01
      -2.282e+01       5.814e-01
      -2.162e+01       7.539e-01
      -2.041e+01       9.698e-01
      -1.920e+01       1.111e+00
      -1.799e+01       1.398e+00
      -1.679e+01       1.693e+00
      -1.558e+01       2.014e+00
      -1.437e+01       2.383e+00
      -1.316e+01       2.865e+00
      -1.195e+01       3.387e+00
      -1.075e+01       3.803e+00
      -9.538e+00       4.168e+00
      -8.330e+00       4.338e+00
      -7.123e+00       4.590e+00
      -5.915e+00       5.125e+00
      -4.707e+00       6.090e+00
      -3.499e+00       6.019e+00
      -2.291e+00       5.305e+00
      -1.083e+00       5.040e+00
       1.245e-01       5.001e+00
       1.332e+00       4.781e+00
       2.540e+00       4.221e+00
       3.748e+00       3.320e+00
       4.956e+00       2.550e+00
       6.164e+00       1.894e+00
       7.371e+00       1.445e+00
       8.579e+00       1.097e+00
       9.787e+00       8.492e-01
       1.099e+01       6.567e-01
       1.220e+01       5.087e-01
       1.341e+01       4.421e-01
       1.462e+01       3.173e-01
       1.583e+01       2.147e-01
       1.703e+01       1.475e-01
       1.824e+01       1.257e-01
       1.945e+01       1.182e-01
       2.066e+01       8.512e-02
       2.187e+01       5.333e-02
       2.307e+01       3.400e-02
       2.428e+01       1.805e-02
       2.549e+01       4.720e-06
       2.670e+01       2.406e-02
       2.790e+01       1.159e-02
       2.911e+01       2.426e-03
       3.032e+01       4.985e-04
       3.153e+01      -1.456e-02
       3.274e+01      -1.763e-02
       3.394e+01      -1.226e-02
       3.515e+01      -1.244e-02
       3.636e+01       8.165e-03
       3.757e+01       1.771e-02
       3.877e+01      -2.172e-02
       3.998e+01       6.690e-03
       4.119e+01       1.935e-02
       4.240e+01       2.001e-02
       4.361e+01      -2.119e-03
       4.481e+01      -3.652e-02
       4.602e+01      -2.337e-03
       4.723e+01      -9.635e-03
       4.844e+01      -2.911e-03
       4.965e+01       1.729e-02
       5.085e+01       1.651e-02
       5.206e+01      -7.448e-03
       5.327e+01      -4.345e-04
       5.448e+01      -1.158e-02
       5.568e+01      -1.232e-02
       5.689e+01       1.191e-02
       5.810e+01      -3.523e-02
       5.931e+01      -2.341e-02
       6.052e+01      -6.439e-03
       6.172e+01       5.427e-04
       6.293e+01      -4.388e-02
       6.414e+01      -1.742e-02
       6.535e+01      -2.516e-02
       6.656e+01       1.671e-03
       6.776e+01       1.413e-02
       6.897e+01       1.109e-02
       7.018e+01      -3.560e-03
       7.139e+01       8.234e-04
       7.259e+01      -3.135e-02
       7.380e+01      -1.952e-02
       7.501e+01      -1.284e-03
       7.622e+01      -1.628e-03
       7.743e+01      -3.186e-02
       7.863e+01      -7.561e-03
       7.984e+01      -2.354e-02
       8.105e+01      -9.646e-03
       8.226e+01      -1.209e-02
       8.346e+01      -5.740e-03
       8.467e+01       1.182e-02
       8.588e+01      -1.095e-02
       8.709e+01      -1.831e-02
       8.830e+01       3.657e-03
       8.950e+01       1.488e-02
       9.071e+01      -2.753e-03
       9.192e+01      -1.770e-02
       9.313e+01      -1.027e-03
       9.434e+01      -1.405e-02
       9.554e+01       7.726e-03
       9.675e+01       4.420e-03
       9.796e+01       1.027e-02
       9.917e+01       3.645e-03
       1.004e+02       6.038e-04
       1.016e+02       2.668e-02
       1.028e+02       6.469e-03
       1.040e+02      -9.723e-03
       1.052e+02      -2.129e-02
       1.064e+02      -1.244e-03
       1.076e+02      -7.150e-03
       1.088e+02       2.372e-03
       1.100e+02      -2.177e-02
       1.112e+02       6.041e-03
       1.125e+02      -1.017e-02
       1.137e+02      -8.372e-03
       1.149e+02      -1.192e-03
       1.161e+02      -2.252e-02
       1.173e+02      -1.373e-02
       1.185e+02      -5.840e-03
       1.197e+02       1.907e-02
       1.209e+02      -6.643e-04
       1.221e+02      -1.425e-02
       1.233e+02       1.462e-02
       1.245e+02       7.442e-03
       1.257e+02       5.893e-03
       1.269e+02      -8.093e-03
       1.282e+02      -1.252e-02
       1.294e+02      -1.640e-02
       1.306e+02      -3.602e-03
       1.318e+02      -6.637e-03
       1.330e+02      -9.259e-03
       1.342e+02       1.228e-02
       1.354e+02       2.212e-02
       1.366e+02      -1.852e-02
       1.378e+02      -1.420e-02
       1.390e+02      -5.841e-03
       1.402e+02      -5.001e-03
       1.414e+02      -5.863e-04
       1.426e+02      -1.117e-02
       1.439e+02      -2.594e-03
       1.451e+02       3.783e-02
       1.463e+02      -3.530e-03
       1.475e+02       6.756e-03
       1.487e+02       8.333e-03
       1.499e+02       3.368e-04
       1.511e+02       2.536e-03
       1.523e+02       1.372e-02
       1.535e+02       4.033e-03
       1.547e+02      -1.844e-02
       1.559e+02      -5.844e-03
       1.571e+02       1.058e-02
       1.584e+02      -2.976e-02
       1.596e+02       2.848e-02
       1.608e+02      -8.743e-03
       1.620e+02       1.581e-02
       1.632e+02      -2.608e-03
       1.644e+02      -8.140e-04
       1.656e+02       2.307e-02
       1.668e+02       1.095e-02
       1.680e+02      -1.187e-02
       1.692e+02      -1.123e-02
       1.704e+02       1.718e-02
       1.716e+02       1.368e-02
       1.728e+02      -3.194e-02
       1.741e+02       1.333e-02
       1.753e+02      -2.547e-03
       1.765e+02      -1.271e-02
       1.777e+02       5.604e-03
       1.789e+02       2.967e-04
       1.801e+02       1.714e-02
       1.813e+02      -2.520e-02
       1.825e+02      -1.442e-02
       1.837e+02       8.682e-03
       1.849e+02      -2.625e-02
       1.861e+02       2.086e-02
       1.873e+02      -6.381e-03
       1.885e+02       2.778e-02
       1.898e+02      -2.101e-03
       1.910e+02      -2.476e-02
       1.922e+02       1.833e-02
       1.934e+02       7.890e-03
       1.946e+02       5.140e-03
       1.958e+02       9.172e-03
       1.970e+02       1.405e-03
       1.982e+02      -1.627e-02
       1.994e+02      -3.208e-03
       2.006e+02       4.087e-03
       2.018e+02       1.095e-02
       2.030e+02      -6.080e-03
       2.042e+02      -3.871e-02
       2.055e+02      -5.674e-03
       2.067e+02       6.509e-03
       2.079e+02      -2.707e-02
       2.091e+02       8.738e-03
       2.103e+02       1.869e-02
       2.115e+02      -1.687e-02
       2.127e+02      -8.344e-03
       2.139e+02       1.613e-02
       2.151e+02       2.107e-02
       2.163e+02      -1.280e-03
       2.175e+02       1.025e-02
       2.187e+02       1.040e-02
       2.199e+02      -1.594e-02
       2.212e+02       9.954e-03
       2.224e+02      -2.400e-02
       2.236e+02       1.784e-02
       2.248e+02       8.814e-03
       2.260e+02      -6.497e-03
       2.272e+02       1.566e-02
       2.284e+02      -1.155e-02
       2.296e+02       8.666e-03
       2.308e+02       2.176e-02
       2.320e+02       1.087e-02
       2.332e+02       1.802e-02
       2.344e+02      -1.470e-02
       2.357e+02       1.447e-02
       2.369e+02       1.287e-02
       2.381e+02      -1.364e-02
       2.393e+02       1.671e-02
       2.405e+02      -1.590e-02
       2.417e+02      -1.070e-02
       2.429e+02       7.755e-03
       2.441e+02       3.069e-02
       2.453e+02       5.856e-03
       2.465e+02      -1.487e-02
       2.477e+02      -3.590e-03
       2.489e+02      -1.998e-02
       2.501e+02       2.000e-02
       2.514e+02       2.500e-03
       2.526e+02       2.382e-02
       2.538e+02      -2.211e-02
       2.550e+02      -7.716e-03
       2.562e+02      -1.019e-02
       2.574e+02       2.104e-02
       2.586e+02      -5.961e-03
       2.598e+02      -7.136e-03
       2.610e+02       1.651e-02
       2.622e+02      -2.505e-02
       2.634e+02       6.911e-03
       2.646e+02       1.221e-02
       2.658e+02      -2.845e-03
       2.671e+02      -1.405e-02
       2.683e+02      -1.418e-03
       2.695e+02      -3.660e-02
       2.707e+02      -3.883e-03
       2.719e+02       3.660e-03
       2.731e+02       6.835e-03
       2.743e+02       1.021e-02
       2.755e+02      -7.740e-03
       2.767e+02       1.446e-03
       2.779e+02       1.239e-02
       2.791e+02      -1.494e-02
       2.803e+02       3.378e-02
       2.815e+02      -1.969e-02
       2.828e+02      -3.090e-05
       2.840e+02       5.233e-03
       2.852e+02       1.160e-03
       2.864e+02      -9.223e-03
       2.876e+02       2.357e-02
       2.888e+02      -5.925e-03
       2.900e+02      -2.942e-02
       2.912e+02       1.029e-02
       2.924e+02       9.617e-03
       2.936e+02      -1.101e-02
       2.948e+02       1.527e-02
       2.960e+02      -5.864e-03
       2.973e+02       1.108e-02
       2.985e+02       6.253e-03
       2.997e+02      -1.368e-02
       3.009e+02       3.501e-02
       3.021e+02       1.785e-03
       3.033e+02      -1.696e-03
       3.045e+02      -2.644e-02
       3.057e+02      -1.399e-02
       3.069e+02      -8.755e-03
       3.081e+02       3.183e-03
       3.093e+02       8.069e-03
       3.105e+02       1.489e-02
       3.117e+02      -1.941e-02
       3.130e+02       2.030e-04
       3.142e+02      -3.132e-03
       3.154e+02      -1.195e-02
       3.166e+02      -2.975e-03
       3.178e+02      -3.736e-03
       3.190e+02       2.671e-03
       3.202e+02       2.711e-03
       3.214e+02      -2.242e-02
       3.226e+02      -5.407e-03
       3.238e+02       3.362e-03
       3.250e+02       6.520e-04
       3.262e+02      -8.181e-03
       3.274e+02       5.514e-03
       3.287e+02      -4.113e-03
       3.299e+02      -1.055e-02
       3.311e+02       1.012e-02
       3.323e+02      -7.843e-03
       3.335e+02      -1.672e-02
       3.347e+02       2.639e-03
       3.359e+02       6.927e-04
       3.371e+02      -2.706e-02
       3.383e+02      -8.596e-03
       3.395e+02      -9.497e-04
       3.407e+02      -2.732e-02
       3.419e+02      -7.550e-03
       3.431e+02      -2.588e-03
       3.444e+02      -2.848e-02
       3.456e+02      -2.879e-02
       3.468e+02       5.853e-04
       3.480e+02       1.464e-03
       3.492e+02       1.296e-02
       3.504e+02       7.667e-03
       3.516e+02       4.142e-02
       3.528e+02      -2.127e-02
       3.540e+02       1.571e-02
       3.552e+02       4.222e-03
       3.564e+02      -1.863e-02
       3.576e+02      -1.941e-02
       3.588e+02       2.669e-03
       3.601e+02      -3.555e-02
       3.613e+02       5.637e-03
       3.625e+02       1.643e-02
       3.637e+02      -1.166e-03
       3.649e+02       1.378e-03
       3.661e+02      -2.845e-02
       3.673e+02       7.910e-04
       3.685e+02       6.225e-03
       3.697e+02      -1.285e-03
       3.709e+02      -3.209e-02
       3.721e+02      -1.053e-02
       3.733e+02      -1.570e-02
       3.746e+02       2.770e-03
       3.758e+02      -7.869e-03
       3.770e+02      -7.193e-03
       3.782e+02       4.448e-03
       3.794e+02      -2.667e-02
       3.806e+02      -2.839e-03
       3.818e+02       1.008e-02
       3.830e+02      -2.129e-02
       3.842e+02      -5.096e-03
       3.854e+02      -2.925e-03
       3.866e+02       1.274e-02
       3.878e+02      -1.529e-02
       3.890e+02      -1.883e-02
       3.903e+02       3.290e-02
       3.915e+02       3.355e-02
       3.927e+02       1.115e-02
       3.939e+02       2.433e-02
       3.951e+02      -5.514e-02
       3.963e+02      -5.194e-02
       3.975e+02      -7.197e-02
       3.987e+02      -1.577e-01
       3.999e+02      -1.009e-01
       4.011e+02      -1.722e-01
       4.023e+02      -7.026e-02
       4.035e+02       3.435e-03
       4.047e+02      -1.074e-02
       4.060e+02       2.204e-02
       4.072e+02      -1.234e-02
       4.084e+02      -2.954e-02
       4.096e+02      -2.854e-02
       4.108e+02      -1.359e-02
       4.120e+02       1.502e-02
       4.132e+02       8.849e-04
       4.144e+02      -1.616e-02
       4.156e+02       2.458e-03
       4.168e+02      -1.142e-02
       4.180e+02       1.475e-02
       4.192e+02       2.697e-03
       4.204e+02      -9.217e-03
       4.217e+02      -2.234e-03
       4.229e+02      -2.703e-03
       4.241e+02      -1.802e-03
       4.253e+02      -1.707e-03
       4.265e+02      -5.264e-02
       4.277e+02       3.189e-02
       4.289e+02       2.861e-03
       4.301e+02       7.325e-03
       4.313e+02      -4.056e-03
       4.325e+02      -1.002e-02
       4.337e+02      -1.589e-02
       4.349e+02      -1.967e-02
       4.362e+02      -2.733e-03
       4.374e+02      -1.944e-02
       4.386e+02      -3.207e-02
       4.398e+02      -8.917e-03
       4.410e+02      -7.271e-03
       4.422e+02      -2.149e-02
       4.434e+02       7.690e-03
       4.446e+02       6.771e-03
       4.458e+02      -2.631e-02
       4.470e+02      -3.085e-02
       4.482e+02      -3.328e-02
       4.494e+02      -2.459e-02
       4.506e+02       4.232e-03
       4.519e+02      -5.629e-03
       4.531e+02       7.599e-03
       4.543e+02      -9.121e-03
       4.555e+02      -1.767e-02
       4.567e+02       5.213e-03
       4.579e+02       9.850e-04
       4.591e+02      -3.910e-02
       4.603e+02      -2.355e-02
       4.615e+02      -4.398e-04
       4.627e+02       1.052e-02
       4.639e+02      -2.645e-02
       4.651e+02      -8.554e-04
       4.663e+02      -1.925e-02
       4.676e+02      -1.499e-03
       4.688e+02       1.020e-02
       4.700e+02      -7.157e-03
       4.712e+02      -2.487e-02
       4.724e+02      -1.522e-02
       4.736e+02       9.876e-04
       4.748e+02      -2.270e-02
       4.760e+02       4.763e-03
       4.772e+02      -3.046e-04
       4.784e+02      -5.172e-03
       4.796e+02      -1.399e-02
       4.808e+02      -1.764e-02
       4.820e+02      -8.811e-03
       4.833e+02      -1.419e-02
       4.845e+02       1.205e-02
       4.857e+02       1.988e-02
       4.869e+02      -1.752e-02
       4.881e+02      -6.312e-04
       4.893e+02      -4.412e-03
       4.905e+02       8.217e-03
       4.917e+02      -1.108e-02
       4.929e+02      -4.074e-02
       4.941e+02      -1.224e-03
       4.953e+02       4.436e-03
       4.965e+02      -2.739e-02
       4.978e+02      -1.121e-03
       4.990e+02      -1.565e-02
       5.002e+02      -2.428e-03
       5.014e+02      -1.188e-02
       5.026e+02      -3.904e-03
       5.038e+02       1.122e-02
       5.050e+02      -2.356e-03
       5.062e+02       5.737e-03
       5.074e+02      -2.599e-02
       5.086e+02      -5.058e-02
       5.098e+02      -2.682e-02
       5.110e+02       9.336e-03
       5.122e+02       8.451e-03
       5.135e+02      -2.990e-02
       5.147e+02      -3.752e-03
       5.159e+02      -5.318e-02
       5.171e+02      -2.452e-02
       5.183e+02      -4.405e-02
       5.195e+02      -1.647e-04
       5.207e+02      -4.041e-02
       5.219e+02      -2.282e-02
       5.231e+02      -9.684e-03
       5.243e+02      -4.189e-02
       5.255e+02      -1.437e-03
       5.267e+02      -4.929e-02
       5.279e+02      -4.090e-02
       5.292e+02      -1.309e-03
       5.304e+02       1.714e-02
       5.316e+02      -1.392e-02
       5.328e+02       7.891e-03
       5.340e+02      -4.380e-02
       5.352e+02       2.655e-03
       5.364e+02      -4.432e-02
       5.376e+02      -4.299e-02
       5.388e+02       5.371e-04
       5.400e+02      -2.561e-02
       5.412e+02      -2.161e-02
       5.424e+02      -1.864e-02
       5.436e+02      -3.556e-02
       5.449e+02      -4.977e-02
       5.461e+02      -1.506e-02
       5.473e+02      -4.197e-02
       5.485e+02      -2.604e-02
       5.497e+02      -4.327e-02
       5.509e+02      -2.692e-02
       5.521e+02      -3.541e-02
       5.533e+02      -1.245e-02
       5.545e+02      -3.107e-02
       5.557e+02       6.530e-04
       5.569e+02      -5.553e-03
       5.581e+02      -2.886e-02
       5.593e+02      -2.417e-02
       5.606e+02      -7.108e-04
       5.618e+02      -3.201e-02
       5.630e+02      -1.237e-02
       5.642e+02      -8.467e-03
       5.654e+02      -3.110e-02
       5.666e+02      -1.639e-02
       5.678e+02      -1.435e-02
       5.690e+02      -2.838e-02
       5.702e+02      -3.367e-03
       5.714e+02       1.065e-02
       5.726e+02      -3.337e-02
       5.738e+02      -5.119e-02
       5.751e+02      -3.767e-02
       5.763e+02      -3.543e-02
       5.775e+02      -6.794e-03
       5.787e+02      -5.233e-02
       5.799e+02      -1.633e-02
       5.811e+02      -1.355e-02
       5.823e+02      -2.517e-02
       5.835e+02      -3.134e-02
       5.847e+02      -3.730e-02
       5.859e+02      -1.201e-02
       5.871e+02      -5.131e-02
       5.883e+02      -2.248e-02
       5.895e+02      -1.716e-02
       5.908e+02      -3.057e-02
       5.920e+02      -4.734e-02
       5.932e+02      -3.352e-02
       5.944e+02      -5.070e-02
       5.956e+02      -1.585e-02
       5.968e+02      -1.712e-02
       5.980e+02      -4.250e-02
       5.992e+02      -1.994e-02
       6.004e+02      -1.941e-02
       6.016e+02      -3.207e-02
       6.028e+02      -2.050e-02
       6.040e+02      -5.242e-02
       6.052e+02      -8.247e-03
       6.065e+02      -3.770e-02
       6.077e+02      -1.501e-02
       6.089e+02      -3.187e-02
       6.101e+02      -4.976e-02
       6.113e+02      -3.039e-02
       6.125e+02      -2.440e-02
       6.137e+02      -5.549e-02
       6.149e+02      -2.210e-02
       6.161e+02      -3.569e-02
       6.173e+02      -1.824e-02
       6.185e+02      -2.491e-02
       6.197e+02      -4.067e-02
       6.209e+02      -2.023e-02
       6.222e+02      -1.861e-02
       6.234e+02      -3.575e-02
       6.246e+02      -3.546e-02
       6.258e+02      -4.683e-02
       6.270e+02      -3.958e-02
       6.282e+02      -4.450e-02
       6.294e+02      -5.660e-02
       6.306e+02      -3.919e-02
       6.318e+02      -1.260e-02
