      11  PHL2525n30 STCOR   PHL2525_cleanbaseavg.fits
GALACTIC
coordinates (deg)    7.912187e+01 -7.131698e+01
VLSR          Ta*
      -5.905e+02      -1.232e-02
      -5.893e+02       8.506e-03
      -5.881e+02       1.659e-02
      -5.869e+02       1.517e-02
      -5.857e+02      -2.881e-03
      -5.845e+02       1.138e-02
      -5.833e+02       2.412e-02
      -5.820e+02      -2.388e-03
      -5.808e+02       3.805e-02
      -5.796e+02       3.030e-02
      -5.784e+02       3.706e-02
      -5.772e+02      -2.128e-03
      -5.760e+02       5.372e-02
      -5.748e+02      -7.504e-03
      -5.736e+02       2.924e-02
      -5.724e+02       3.234e-02
      -5.712e+02       2.622e-02
      -5.700e+02       1.585e-02
      -5.688e+02       1.834e-02
      -5.676e+02       2.738e-02
      -5.663e+02       6.911e-02
      -5.651e+02       3.718e-02
      -5.639e+02       1.336e-02
      -5.627e+02       3.468e-02
      -5.615e+02       2.546e-03
      -5.603e+02       1.704e-02
      -5.591e+02       2.265e-03
      -5.579e+02       3.356e-02
      -5.567e+02       1.463e-02
      -5.555e+02      -1.205e-02
      -5.543e+02       5.579e-02
      -5.531e+02       4.437e-02
      -5.519e+02      -2.032e-02
      -5.506e+02       4.345e-03
      -5.494e+02       2.254e-02
      -5.482e+02       6.880e-03
      -5.470e+02      -2.666e-02
      -5.458e+02      -6.627e-03
      -5.446e+02       4.370e-02
      -5.434e+02       1.062e-02
      -5.422e+02       1.728e-02
      -5.410e+02       2.246e-02
      -5.398e+02      -3.689e-02
      -5.386e+02       1.073e-02
      -5.374e+02       2.812e-02
      -5.362e+02      -2.713e-02
      -5.349e+02       2.954e-02
      -5.337e+02      -1.961e-02
      -5.325e+02      -2.721e-02
      -5.313e+02      -6.619e-04
      -5.301e+02       1.249e-02
      -5.289e+02      -2.291e-02
      -5.277e+02      -3.848e-03
      -5.265e+02       1.774e-02
      -5.253e+02      -2.380e-02
      -5.241e+02       1.137e-02
      -5.229e+02       1.430e-02
      -5.217e+02       2.861e-02
      -5.204e+02      -9.735e-03
      -5.192e+02      -2.806e-02
      -5.180e+02      -2.341e-02
      -5.168e+02      -1.094e-02
      -5.156e+02      -1.156e-02
      -5.144e+02       2.012e-02
      -5.132e+02       1.881e-02
      -5.120e+02      -1.204e-02
      -5.108e+02       2.418e-02
      -5.096e+02       3.667e-02
      -5.084e+02      -1.776e-02
      -5.072e+02       2.683e-02
      -5.060e+02      -1.724e-02
      -5.047e+02      -1.380e-02
      -5.035e+02      -5.636e-03
      -5.023e+02       9.167e-03
      -5.011e+02      -2.617e-02
      -4.999e+02      -8.955e-03
      -4.987e+02       6.124e-03
      -4.975e+02      -6.362e-03
      -4.963e+02      -6.866e-03
      -4.951e+02       2.798e-02
      -4.939e+02      -3.876e-02
      -4.927e+02      -6.076e-03
      -4.915e+02       2.916e-02
      -4.903e+02       2.696e-02
      -4.890e+02       4.764e-05
      -4.878e+02       2.056e-02
      -4.866e+02       5.561e-05
      -4.854e+02       5.655e-03
      -4.842e+02      -4.723e-03
      -4.830e+02       7.901e-03
      -4.818e+02       4.047e-02
      -4.806e+02       1.145e-02
      -4.794e+02      -1.508e-02
      -4.782e+02      -1.865e-02
      -4.770e+02       2.018e-02
      -4.758e+02      -1.303e-02
      -4.746e+02       2.237e-02
      -4.733e+02       1.425e-02
      -4.721e+02      -4.871e-02
      -4.709e+02      -7.357e-04
      -4.697e+02       2.649e-02
      -4.685e+02      -2.122e-02
      -4.673e+02      -2.233e-02
      -4.661e+02      -6.745e-03
      -4.649e+02      -1.340e-02
      -4.637e+02      -1.277e-02
      -4.625e+02      -1.452e-02
      -4.613e+02       2.251e-02
      -4.601e+02       3.400e-02
      -4.589e+02       1.530e-02
      -4.576e+02       1.855e-02
      -4.564e+02      -3.130e-02
      -4.552e+02      -3.159e-03
      -4.540e+02      -3.202e-02
      -4.528e+02      -1.725e-02
      -4.516e+02      -1.202e-03
      -4.504e+02      -2.860e-02
      -4.492e+02      -8.348e-03
      -4.480e+02      -6.730e-03
      -4.468e+02       4.131e-03
      -4.456e+02      -1.129e-02
      -4.444e+02       1.160e-02
      -4.431e+02      -1.592e-02
      -4.419e+02       3.307e-04
      -4.407e+02      -1.947e-02
      -4.395e+02       3.740e-02
      -4.383e+02      -1.052e-02
      -4.371e+02       6.418e-03
      -4.359e+02      -1.558e-02
      -4.347e+02       5.172e-02
      -4.335e+02      -5.570e-03
      -4.323e+02      -1.574e-02
      -4.311e+02       2.624e-02
      -4.299e+02       1.182e-02
      -4.287e+02       2.559e-02
      -4.274e+02       3.838e-03
      -4.262e+02      -1.871e-02
      -4.250e+02       1.068e-02
      -4.238e+02       4.519e-03
      -4.226e+02       7.714e-03
      -4.214e+02      -4.125e-02
      -4.202e+02       6.017e-03
      -4.190e+02       1.159e-02
      -4.178e+02       1.189e-02
      -4.166e+02       1.888e-02
      -4.154e+02      -3.809e-03
      -4.142e+02      -6.525e-03
      -4.130e+02       2.186e-02
      -4.117e+02      -2.385e-03
      -4.105e+02      -9.989e-03
      -4.093e+02      -6.529e-03
      -4.081e+02      -2.122e-02
      -4.069e+02       5.849e-03
      -4.057e+02      -2.726e-02
      -4.045e+02      -6.336e-04
      -4.033e+02      -1.655e-02
      -4.021e+02      -1.605e-02
      -4.009e+02      -1.259e-02
      -3.997e+02       1.582e-03
      -3.985e+02      -2.930e-03
      -3.973e+02       4.053e-03
      -3.960e+02      -2.571e-02
      -3.948e+02      -9.938e-03
      -3.936e+02       1.073e-02
      -3.924e+02      -2.045e-02
      -3.912e+02       1.199e-02
      -3.900e+02      -2.601e-02
      -3.888e+02      -1.114e-02
      -3.876e+02      -6.479e-02
      -3.864e+02       7.767e-03
      -3.852e+02       2.876e-02
      -3.840e+02       5.321e-03
      -3.828e+02      -4.471e-02
      -3.815e+02      -1.755e-02
      -3.803e+02       8.441e-03
      -3.791e+02       8.191e-03
      -3.779e+02      -7.302e-03
      -3.767e+02       3.160e-02
      -3.755e+02       5.749e-03
      -3.743e+02      -3.252e-02
      -3.731e+02       4.396e-03
      -3.719e+02      -9.879e-03
      -3.707e+02       2.650e-03
      -3.695e+02      -1.563e-03
      -3.683e+02       1.684e-02
      -3.671e+02      -1.883e-03
      -3.658e+02       2.523e-03
      -3.646e+02       2.252e-02
      -3.634e+02       1.625e-02
      -3.622e+02       1.143e-02
      -3.610e+02       2.280e-03
      -3.598e+02      -1.166e-02
      -3.586e+02       3.333e-03
      -3.574e+02       7.859e-02
      -3.562e+02       3.322e-03
      -3.550e+02       1.321e-02
      -3.538e+02      -3.213e-02
      -3.526e+02       1.850e-02
      -3.514e+02       5.245e-02
      -3.501e+02       6.120e-03
      -3.489e+02      -6.883e-03
      -3.477e+02      -1.207e-02
      -3.465e+02       3.534e-03
      -3.453e+02       1.895e-02
      -3.441e+02       2.735e-03
      -3.429e+02      -4.276e-02
      -3.417e+02      -2.305e-04
      -3.405e+02      -1.299e-02
      -3.393e+02      -2.529e-02
      -3.381e+02      -1.727e-02
      -3.369e+02      -4.037e-02
      -3.357e+02       7.277e-03
      -3.344e+02      -7.101e-03
      -3.332e+02       9.916e-04
      -3.320e+02       2.149e-03
      -3.308e+02       1.553e-02
      -3.296e+02       2.534e-02
      -3.284e+02      -5.775e-03
      -3.272e+02       7.888e-03
      -3.260e+02       4.198e-02
      -3.248e+02       2.660e-03
      -3.236e+02       1.074e-03
      -3.224e+02       1.484e-02
      -3.212e+02       2.065e-02
      -3.200e+02       6.215e-03
      -3.187e+02      -2.117e-02
      -3.175e+02       4.591e-02
      -3.163e+02      -1.267e-02
      -3.151e+02       3.959e-03
      -3.139e+02      -2.829e-02
      -3.127e+02       3.168e-02
      -3.115e+02      -2.086e-02
      -3.103e+02      -1.943e-02
      -3.091e+02       5.530e-03
      -3.079e+02       3.064e-03
      -3.067e+02      -2.221e-02
      -3.055e+02      -2.628e-02
      -3.042e+02       1.949e-02
      -3.030e+02       3.395e-02
      -3.018e+02      -3.188e-02
      -3.006e+02      -1.826e-02
      -2.994e+02       3.201e-02
      -2.982e+02       2.217e-02
      -2.970e+02      -4.980e-02
      -2.958e+02      -6.894e-03
      -2.946e+02      -1.572e-02
      -2.934e+02      -9.977e-03
      -2.922e+02      -1.344e-02
      -2.910e+02       2.181e-02
      -2.898e+02      -1.457e-02
      -2.885e+02       1.758e-02
      -2.873e+02       1.344e-03
      -2.861e+02       9.900e-03
      -2.849e+02      -1.396e-03
      -2.837e+02      -1.256e-02
      -2.825e+02       4.985e-02
      -2.813e+02      -1.365e-02
      -2.801e+02       3.771e-03
      -2.789e+02       4.415e-02
      -2.777e+02      -1.737e-02
      -2.765e+02      -1.279e-02
      -2.753e+02       2.908e-03
      -2.741e+02      -2.277e-02
      -2.728e+02       1.830e-02
      -2.716e+02       2.613e-02
      -2.704e+02      -1.320e-02
      -2.692e+02       2.521e-02
      -2.680e+02      -5.646e-03
      -2.668e+02      -4.431e-04
      -2.656e+02       9.982e-03
      -2.644e+02       2.268e-02
      -2.632e+02      -5.634e-04
      -2.620e+02      -8.477e-03
      -2.608e+02      -1.793e-02
      -2.596e+02       5.539e-03
      -2.584e+02      -2.687e-02
      -2.571e+02      -8.876e-03
      -2.559e+02       8.155e-03
      -2.547e+02       1.674e-02
      -2.535e+02      -1.184e-02
      -2.523e+02      -6.500e-02
      -2.511e+02       2.106e-03
      -2.499e+02       6.752e-05
      -2.487e+02      -5.151e-04
      -2.475e+02       1.628e-02
      -2.463e+02       4.032e-02
      -2.451e+02      -1.909e-02
      -2.439e+02      -1.415e-02
      -2.426e+02      -1.605e-03
      -2.414e+02       4.456e-03
      -2.402e+02       8.010e-03
      -2.390e+02       8.016e-03
      -2.378e+02      -4.331e-02
      -2.366e+02       8.158e-03
      -2.354e+02       1.123e-02
      -2.342e+02       6.475e-03
      -2.330e+02      -5.424e-02
      -2.318e+02      -1.869e-02
      -2.306e+02       7.369e-03
      -2.294e+02       7.029e-03
      -2.282e+02       4.579e-02
      -2.269e+02       1.867e-02
      -2.257e+02       5.997e-03
      -2.245e+02       3.700e-02
      -2.233e+02       6.835e-02
      -2.221e+02       6.090e-02
      -2.209e+02       7.100e-02
      -2.197e+02       8.167e-02
      -2.185e+02       9.149e-02
      -2.173e+02       1.224e-01
      -2.161e+02       1.144e-01
      -2.149e+02       1.007e-01
      -2.137e+02       9.140e-02
      -2.125e+02       2.129e-01
      -2.112e+02       1.551e-01
      -2.100e+02       2.007e-01
      -2.088e+02       1.809e-01
      -2.076e+02       1.923e-01
      -2.064e+02       1.940e-01
      -2.052e+02       2.056e-01
      -2.040e+02       2.071e-01
      -2.028e+02       2.088e-01
      -2.016e+02       2.146e-01
      -2.004e+02       1.580e-01
      -1.992e+02       1.509e-01
      -1.980e+02       1.604e-01
      -1.968e+02       1.677e-01
      -1.955e+02       1.481e-01
      -1.943e+02       1.219e-01
      -1.931e+02       7.150e-02
      -1.919e+02       4.150e-02
      -1.907e+02       1.379e-01
      -1.895e+02       9.951e-02
      -1.883e+02       9.297e-02
      -1.871e+02       6.688e-02
      -1.859e+02       5.515e-02
      -1.847e+02       3.944e-02
      -1.835e+02       4.419e-02
      -1.823e+02       1.077e-02
      -1.810e+02       2.409e-02
      -1.798e+02       1.301e-02
      -1.786e+02      -2.043e-03
      -1.774e+02      -3.765e-03
      -1.762e+02       3.836e-03
      -1.750e+02      -1.620e-02
      -1.738e+02       8.497e-03
      -1.726e+02       3.691e-02
      -1.714e+02       3.719e-02
      -1.702e+02      -1.319e-03
      -1.690e+02      -8.447e-03
      -1.678e+02       1.915e-02
      -1.666e+02      -2.470e-03
      -1.653e+02       3.937e-02
      -1.641e+02      -2.373e-02
      -1.629e+02      -1.374e-02
      -1.617e+02       2.046e-02
      -1.605e+02       4.919e-02
      -1.593e+02       1.133e-02
      -1.581e+02       2.011e-02
      -1.569e+02       2.802e-03
      -1.557e+02       4.581e-04
      -1.545e+02      -8.466e-03
      -1.533e+02       4.642e-02
      -1.521e+02       1.118e-02
      -1.509e+02      -2.054e-02
      -1.496e+02      -1.319e-03
      -1.484e+02      -1.021e-02
      -1.472e+02       3.319e-02
      -1.460e+02       1.046e-02
      -1.448e+02       1.948e-02
      -1.436e+02       1.008e-02
      -1.424e+02       2.268e-02
      -1.412e+02       1.673e-02
      -1.400e+02      -1.994e-02
      -1.388e+02       8.375e-03
      -1.376e+02      -1.339e-02
      -1.364e+02       1.034e-02
      -1.352e+02      -1.115e-02
      -1.339e+02      -5.532e-03
      -1.327e+02       6.632e-03
      -1.315e+02       1.718e-02
      -1.303e+02       1.947e-02
      -1.291e+02      -3.648e-02
      -1.279e+02       1.026e-02
      -1.267e+02      -7.945e-03
      -1.255e+02      -1.813e-02
      -1.243e+02       8.281e-03
      -1.231e+02      -7.994e-03
      -1.219e+02       7.278e-03
      -1.207e+02       2.455e-02
      -1.195e+02      -2.999e-03
      -1.182e+02      -2.362e-02
      -1.170e+02       1.508e-02
      -1.158e+02       4.473e-03
      -1.146e+02       1.623e-02
      -1.134e+02      -7.784e-05
      -1.122e+02      -2.203e-02
      -1.110e+02       1.829e-03
      -1.098e+02      -3.675e-02
      -1.086e+02       1.544e-02
      -1.074e+02       7.280e-03
      -1.062e+02       6.005e-03
      -1.050e+02       2.643e-02
      -1.037e+02      -3.033e-02
      -1.025e+02       1.618e-03
      -1.013e+02       2.132e-03
      -1.001e+02      -2.403e-02
      -9.892e+01       1.299e-02
      -9.771e+01      -2.929e-02
      -9.650e+01      -1.779e-02
      -9.529e+01       4.296e-02
      -9.409e+01      -6.862e-03
      -9.288e+01      -9.534e-03
      -9.167e+01       1.196e-02
      -9.046e+01      -1.216e-02
      -8.925e+01       1.340e-02
      -8.805e+01      -1.472e-02
      -8.684e+01       1.327e-02
      -8.563e+01      -1.415e-02
      -8.442e+01       9.528e-04
      -8.322e+01       8.718e-04
      -8.201e+01       1.315e-02
      -8.080e+01      -8.797e-03
      -7.959e+01       9.749e-03
      -7.838e+01       2.108e-02
      -7.718e+01       4.691e-02
      -7.597e+01       1.748e-03
      -7.476e+01       3.855e-02
      -7.355e+01       4.523e-02
      -7.235e+01       5.016e-03
      -7.114e+01       3.848e-02
      -6.993e+01       1.178e-02
      -6.872e+01       9.482e-03
      -6.751e+01      -3.109e-03
      -6.631e+01       2.069e-02
      -6.510e+01       1.540e-02
      -6.389e+01       4.477e-02
      -6.268e+01       3.091e-02
      -6.147e+01       2.352e-02
      -6.027e+01       2.596e-02
      -5.906e+01       1.851e-02
      -5.785e+01      -1.410e-02
      -5.664e+01       5.550e-02
      -5.544e+01       4.790e-02
      -5.423e+01       5.741e-02
      -5.302e+01       3.578e-02
      -5.181e+01       6.617e-02
      -5.060e+01       3.122e-02
      -4.940e+01       5.155e-02
      -4.819e+01       7.399e-02
      -4.698e+01       7.025e-02
      -4.577e+01       1.116e-01
      -4.457e+01       1.091e-01
      -4.336e+01       1.001e-01
      -4.215e+01       8.541e-02
      -4.094e+01       1.125e-01
      -3.973e+01       1.127e-01
      -3.853e+01       1.138e-01
      -3.732e+01       1.661e-01
      -3.611e+01       1.355e-01
      -3.490e+01       1.430e-01
      -3.369e+01       1.271e-01
      -3.249e+01       1.213e-01
      -3.128e+01       1.588e-01
      -3.007e+01       2.120e-01
      -2.886e+01       1.949e-01
      -2.766e+01       2.517e-01
      -2.645e+01       2.984e-01
      -2.524e+01       3.095e-01
      -2.403e+01       3.826e-01
      -2.282e+01       4.769e-01
      -2.162e+01       5.195e-01
      -2.041e+01       6.263e-01
      -1.920e+01       8.254e-01
      -1.799e+01       1.071e+00
      -1.679e+01       1.290e+00
      -1.558e+01       1.601e+00
      -1.437e+01       1.949e+00
      -1.316e+01       2.398e+00
      -1.195e+01       2.819e+00
      -1.075e+01       3.308e+00
      -9.538e+00       3.814e+00
      -8.330e+00       4.228e+00
      -7.123e+00       4.564e+00
      -5.915e+00       4.978e+00
      -4.707e+00       5.404e+00
      -3.499e+00       5.797e+00
      -2.291e+00       6.024e+00
      -1.083e+00       5.850e+00
       1.244e-01       5.294e+00
       1.332e+00       4.452e+00
       2.540e+00       3.678e+00
       3.748e+00       3.025e+00
       4.956e+00       2.453e+00
       6.164e+00       1.928e+00
       7.371e+00       1.526e+00
       8.579e+00       1.192e+00
       9.787e+00       8.961e-01
       1.099e+01       6.999e-01
       1.220e+01       5.303e-01
       1.341e+01       3.855e-01
       1.462e+01       3.318e-01
       1.583e+01       1.820e-01
       1.703e+01       1.447e-01
       1.824e+01       9.105e-02
       1.945e+01       8.572e-02
       2.066e+01       8.366e-02
       2.187e+01       1.639e-02
       2.307e+01       2.820e-02
       2.428e+01       2.307e-03
       2.549e+01       1.614e-02
       2.670e+01       1.375e-02
       2.790e+01       2.216e-02
       2.911e+01       8.445e-03
       3.032e+01       4.633e-03
       3.153e+01       7.898e-03
       3.274e+01       7.156e-03
       3.394e+01      -8.924e-03
       3.515e+01       6.393e-03
       3.636e+01      -2.178e-02
       3.757e+01      -2.396e-02
       3.877e+01       7.947e-03
       3.998e+01      -1.978e-02
       4.119e+01       9.447e-04
       4.240e+01       3.554e-02
       4.361e+01       1.514e-02
       4.481e+01      -4.366e-02
       4.602e+01      -1.134e-02
       4.723e+01       7.849e-02
       4.844e+01      -3.089e-04
       4.965e+01       4.441e-02
       5.085e+01      -1.362e-03
       5.206e+01       1.780e-02
       5.327e+01       2.645e-02
       5.448e+01       2.117e-02
       5.568e+01      -2.464e-02
       5.689e+01       3.842e-03
       5.810e+01       1.029e-02
       5.931e+01      -1.811e-02
       6.052e+01       1.768e-02
       6.172e+01       3.662e-04
       6.293e+01       4.319e-02
       6.414e+01      -3.911e-02
       6.535e+01       3.645e-02
       6.655e+01      -1.577e-02
       6.776e+01       4.899e-03
       6.897e+01       5.411e-03
       7.018e+01      -5.089e-03
       7.139e+01       6.468e-03
       7.259e+01       2.500e-03
       7.380e+01      -9.222e-03
       7.501e+01      -2.051e-02
       7.622e+01       1.472e-02
       7.743e+01       1.364e-03
       7.863e+01       1.320e-02
       7.984e+01      -1.758e-02
       8.105e+01      -1.909e-02
       8.226e+01      -3.282e-03
       8.346e+01      -1.357e-02
       8.467e+01       7.115e-03
       8.588e+01      -2.221e-02
       8.709e+01      -5.085e-03
       8.830e+01      -4.854e-03
       8.950e+01       1.619e-02
       9.071e+01       9.748e-03
       9.192e+01      -3.922e-02
       9.313e+01       1.815e-02
       9.434e+01      -3.817e-02
       9.554e+01      -1.160e-02
       9.675e+01       1.366e-02
       9.796e+01      -3.390e-02
       9.917e+01      -2.741e-02
       1.004e+02      -1.175e-02
       1.016e+02      -3.774e-03
       1.028e+02       1.279e-02
       1.040e+02       1.115e-02
       1.052e+02      -2.777e-02
       1.064e+02      -3.264e-02
       1.076e+02       8.014e-03
       1.088e+02      -1.015e-02
       1.100e+02      -3.648e-03
       1.112e+02      -1.689e-02
       1.125e+02      -2.258e-02
       1.137e+02       1.661e-02
       1.149e+02      -2.134e-02
       1.161e+02       7.722e-03
       1.173e+02       9.568e-03
       1.185e+02      -6.697e-03
       1.197e+02       3.092e-02
       1.209e+02      -2.064e-02
       1.221e+02      -7.753e-03
       1.233e+02       3.819e-02
       1.245e+02      -8.305e-03
       1.257e+02      -5.430e-03
       1.269e+02      -5.930e-03
       1.282e+02       7.383e-04
       1.294e+02       8.670e-03
       1.306e+02      -5.273e-03
       1.318e+02       2.921e-02
       1.330e+02      -4.238e-02
       1.342e+02       1.403e-02
       1.354e+02       4.437e-02
       1.366e+02      -1.661e-02
       1.378e+02       2.471e-02
       1.390e+02      -1.053e-02
       1.402e+02       1.679e-03
       1.414e+02      -1.306e-02
       1.426e+02      -1.197e-02
       1.439e+02       1.516e-02
       1.451e+02      -3.893e-03
       1.463e+02      -1.969e-02
       1.475e+02      -1.667e-02
       1.487e+02      -3.269e-04
       1.499e+02       2.254e-02
       1.511e+02      -1.181e-02
       1.523e+02       2.022e-02
       1.535e+02      -3.781e-03
       1.547e+02       2.583e-02
       1.559e+02      -3.559e-02
       1.571e+02       5.114e-02
       1.583e+02       1.478e-02
       1.596e+02      -2.212e-02
       1.608e+02       5.637e-03
       1.620e+02      -1.653e-02
       1.632e+02      -1.681e-02
       1.644e+02       1.874e-02
       1.656e+02       6.270e-03
       1.668e+02      -3.982e-03
       1.680e+02       3.866e-03
       1.692e+02       1.011e-02
       1.704e+02      -9.900e-03
       1.716e+02      -1.218e-02
       1.728e+02      -6.496e-04
       1.741e+02       5.012e-04
       1.753e+02      -2.236e-02
       1.765e+02      -1.150e-02
       1.777e+02      -6.611e-03
       1.789e+02       5.601e-03
       1.801e+02       1.243e-02
       1.813e+02      -2.172e-04
       1.825e+02       1.095e-02
       1.837e+02       5.171e-02
       1.849e+02       2.142e-02
       1.861e+02      -2.548e-02
       1.873e+02       2.865e-02
       1.885e+02       1.109e-02
       1.898e+02      -7.552e-05
       1.910e+02      -9.085e-04
       1.922e+02       2.556e-02
       1.934e+02       1.291e-02
       1.946e+02      -1.462e-02
       1.958e+02       1.995e-02
       1.970e+02      -2.124e-03
       1.982e+02       1.148e-03
       1.994e+02       1.888e-02
       2.006e+02      -2.106e-02
       2.018e+02      -3.280e-02
       2.030e+02       1.074e-02
       2.042e+02       7.948e-03
       2.055e+02       2.429e-02
       2.067e+02      -1.373e-02
       2.079e+02      -1.015e-02
       2.091e+02      -8.481e-03
       2.103e+02      -5.428e-02
       2.115e+02       1.072e-02
       2.127e+02       1.732e-02
       2.139e+02       3.057e-02
       2.151e+02       1.252e-02
       2.163e+02      -1.710e-02
       2.175e+02      -3.096e-02
       2.187e+02       2.643e-02
       2.199e+02       9.992e-03
       2.212e+02       5.250e-02
       2.224e+02       2.527e-03
       2.236e+02       1.387e-02
       2.248e+02      -3.615e-02
       2.260e+02      -1.958e-02
       2.272e+02       4.760e-03
       2.284e+02      -7.308e-03
       2.296e+02      -8.798e-03
       2.308e+02      -1.313e-02
       2.320e+02       5.087e-03
       2.332e+02       2.129e-03
       2.344e+02       5.050e-02
       2.357e+02       1.821e-03
       2.369e+02      -7.834e-03
       2.381e+02       1.169e-02
       2.393e+02       2.211e-02
       2.405e+02      -1.395e-02
       2.417e+02      -2.878e-03
       2.429e+02       8.550e-03
       2.441e+02       2.083e-02
       2.453e+02       3.274e-02
       2.465e+02       1.125e-02
       2.477e+02       1.354e-02
       2.489e+02       7.279e-03
       2.501e+02      -2.012e-02
       2.514e+02      -3.303e-03
       2.526e+02       4.030e-03
       2.538e+02      -5.321e-03
       2.550e+02       9.173e-03
       2.562e+02      -4.306e-02
       2.574e+02      -3.221e-02
       2.586e+02       4.542e-03
       2.598e+02      -1.293e-02
       2.610e+02       9.239e-03
       2.622e+02      -9.587e-03
       2.634e+02      -2.210e-02
       2.646e+02      -2.269e-02
       2.658e+02      -1.586e-02
       2.671e+02       3.345e-03
       2.683e+02      -1.505e-03
       2.695e+02      -9.124e-03
       2.707e+02      -5.472e-03
       2.719e+02       4.469e-03
       2.731e+02      -1.603e-02
       2.743e+02       3.888e-03
       2.755e+02       1.118e-02
       2.767e+02      -1.839e-02
       2.779e+02      -1.700e-02
       2.791e+02      -1.103e-02
       2.803e+02       4.707e-03
       2.815e+02       2.481e-02
       2.828e+02      -2.968e-02
       2.840e+02       4.280e-02
       2.852e+02      -9.814e-03
       2.864e+02       3.608e-02
       2.876e+02       2.303e-02
       2.888e+02       2.277e-04
       2.900e+02       3.982e-03
       2.912e+02       2.652e-02
       2.924e+02      -1.410e-02
       2.936e+02       2.183e-03
       2.948e+02       9.840e-03
       2.960e+02      -2.894e-02
       2.973e+02       1.547e-02
       2.985e+02       1.334e-02
       2.997e+02      -1.739e-03
       3.009e+02      -1.722e-02
       3.021e+02       1.211e-03
       3.033e+02      -1.728e-02
       3.045e+02       1.552e-02
       3.057e+02       1.264e-03
       3.069e+02      -1.361e-02
       3.081e+02      -1.325e-02
       3.093e+02       8.276e-04
       3.105e+02      -1.614e-03
       3.117e+02       4.978e-03
       3.130e+02       1.451e-02
       3.142e+02      -2.262e-02
       3.154e+02      -2.015e-02
       3.166e+02      -3.185e-03
       3.178e+02      -1.246e-02
       3.190e+02      -1.821e-02
       3.202e+02      -3.003e-02
       3.214e+02      -1.228e-02
       3.226e+02      -2.117e-02
       3.238e+02      -5.637e-02
       3.250e+02      -1.696e-02
       3.262e+02      -3.773e-02
       3.274e+02      -4.812e-02
       3.287e+02      -1.157e-02
       3.299e+02      -7.550e-03
       3.311e+02      -1.733e-02
       3.323e+02      -2.440e-02
       3.335e+02      -6.471e-03
       3.347e+02      -3.999e-02
       3.359e+02      -4.494e-02
       3.371e+02       1.979e-02
       3.383e+02      -3.575e-02
       3.395e+02      -2.765e-02
       3.407e+02      -5.850e-02
       3.419e+02      -9.719e-03
       3.431e+02      -5.323e-02
       3.444e+02      -1.674e-02
       3.456e+02      -2.549e-02
       3.468e+02      -1.248e-02
       3.480e+02      -2.782e-02
       3.492e+02      -3.447e-02
       3.504e+02      -1.740e-02
       3.516e+02      -1.756e-02
       3.528e+02      -4.077e-02
       3.540e+02      -2.239e-02
       3.552e+02      -4.334e-02
       3.564e+02      -2.435e-02
       3.576e+02      -4.776e-02
       3.588e+02      -6.484e-03
       3.601e+02      -6.512e-02
       3.613e+02      -5.694e-02
       3.625e+02      -4.861e-02
       3.637e+02      -1.832e-02
       3.649e+02      -1.609e-02
       3.661e+02      -2.591e-02
       3.673e+02      -2.932e-02
       3.685e+02      -4.988e-02
       3.697e+02      -6.327e-02
       3.709e+02      -7.426e-02
       3.721e+02      -8.509e-02
       3.733e+02      -4.449e-02
       3.746e+02      -4.195e-02
       3.758e+02      -3.367e-02
       3.770e+02      -6.279e-02
       3.782e+02      -4.735e-02
       3.794e+02      -5.342e-02
       3.806e+02      -5.931e-02
       3.818e+02      -3.490e-02
       3.830e+02      -4.861e-02
       3.842e+02      -4.028e-02
       3.854e+02      -2.314e-02
       3.866e+02      -9.282e-02
       3.878e+02      -4.657e-02
       3.890e+02       1.297e-02
       3.903e+02      -6.925e-02
       3.915e+02      -4.558e-02
       3.927e+02      -5.809e-02
       3.939e+02      -4.783e-02
       3.951e+02      -5.635e-02
       3.963e+02      -6.304e-02
       3.975e+02      -1.078e-01
       3.987e+02      -1.442e-01
       3.999e+02      -1.725e-01
       4.011e+02      -1.749e-01
       4.023e+02      -9.901e-02
       4.035e+02      -6.574e-02
       4.047e+02      -3.186e-02
       4.060e+02      -7.422e-02
       4.072e+02      -6.946e-02
       4.084e+02      -4.864e-02
       4.096e+02      -7.067e-02
       4.108e+02      -2.406e-02
       4.120e+02      -7.743e-02
       4.132e+02      -7.672e-02
       4.144e+02      -3.465e-02
       4.156e+02      -6.278e-02
       4.168e+02      -2.644e-02
       4.180e+02      -5.832e-02
       4.192e+02      -5.654e-02
       4.204e+02      -6.292e-02
       4.217e+02      -7.052e-02
       4.229e+02      -5.668e-02
       4.241e+02      -7.417e-02
       4.253e+02      -3.830e-02
       4.265e+02      -8.914e-02
       4.277e+02      -6.517e-02
       4.289e+02      -5.766e-02
       4.301e+02      -6.503e-02
       4.313e+02      -8.679e-02
       4.325e+02      -5.867e-02
       4.337e+02      -7.730e-02
       4.349e+02      -6.786e-02
       4.362e+02      -7.435e-02
       4.374e+02      -7.447e-02
       4.386e+02      -1.290e-01
       4.398e+02      -4.911e-02
       4.410e+02      -1.023e-01
       4.422e+02      -5.418e-02
       4.434e+02      -9.167e-02
       4.446e+02      -6.535e-02
       4.458e+02      -4.031e-02
       4.470e+02      -1.283e-01
       4.482e+02      -6.822e-02
       4.494e+02      -9.742e-02
       4.506e+02      -1.072e-01
       4.519e+02      -8.163e-02
       4.531e+02      -8.203e-02
       4.543e+02      -9.851e-02
       4.555e+02      -1.112e-01
       4.567e+02      -1.277e-01
       4.579e+02      -8.744e-02
       4.591e+02      -1.079e-01
       4.603e+02      -7.559e-02
       4.615e+02      -1.278e-01
       4.627e+02      -6.614e-02
       4.639e+02      -9.596e-02
       4.651e+02      -9.265e-02
       4.663e+02      -7.399e-02
       4.676e+02      -1.006e-01
       4.688e+02      -1.094e-01
       4.700e+02      -1.126e-01
       4.712e+02      -1.050e-01
       4.724e+02      -1.434e-01
       4.736e+02      -9.837e-02
       4.748e+02      -1.133e-01
       4.760e+02      -7.238e-02
       4.772e+02      -1.123e-01
       4.784e+02      -1.207e-01
       4.796e+02      -1.127e-01
       4.808e+02      -9.808e-02
       4.820e+02      -8.994e-02
       4.833e+02      -1.124e-01
       4.845e+02      -1.444e-01
       4.857e+02      -9.189e-02
       4.869e+02      -1.011e-01
       4.881e+02      -1.486e-01
       4.893e+02      -1.052e-01
       4.905e+02      -1.155e-01
       4.917e+02      -9.072e-02
       4.929e+02      -1.435e-01
       4.941e+02      -1.219e-01
       4.953e+02      -1.215e-01
       4.965e+02      -1.353e-01
       4.977e+02      -1.402e-01
       4.990e+02      -1.281e-01
       5.002e+02      -1.404e-01
       5.014e+02      -1.199e-01
       5.026e+02      -1.541e-01
       5.038e+02      -1.568e-01
       5.050e+02      -1.472e-01
       5.062e+02      -9.998e-02
       5.074e+02      -1.399e-01
       5.086e+02      -1.778e-01
       5.098e+02      -1.394e-01
       5.110e+02      -1.475e-01
       5.122e+02      -1.577e-01
       5.135e+02      -1.866e-01
       5.147e+02      -1.485e-01
       5.159e+02      -2.037e-01
       5.171e+02      -2.116e-01
       5.183e+02      -2.094e-01
       5.195e+02      -2.018e-01
       5.207e+02      -2.290e-01
       5.219e+02      -2.258e-01
       5.231e+02      -2.221e-01
       5.243e+02      -2.271e-01
       5.255e+02      -2.453e-01
       5.267e+02      -3.008e-01
       5.279e+02      -2.379e-01
       5.292e+02      -2.665e-01
       5.304e+02      -2.785e-01
       5.316e+02      -2.618e-01
       5.328e+02      -2.679e-01
       5.340e+02      -2.686e-01
       5.352e+02      -3.058e-01
       5.364e+02      -2.582e-01
       5.376e+02      -3.193e-01
       5.388e+02      -2.755e-01
       5.400e+02      -2.650e-01
       5.412e+02      -2.867e-01
       5.424e+02      -2.745e-01
       5.436e+02      -2.582e-01
       5.449e+02      -2.428e-01
       5.461e+02      -2.405e-01
       5.473e+02      -2.207e-01
       5.485e+02      -2.783e-01
       5.497e+02      -2.439e-01
       5.509e+02      -2.385e-01
       5.521e+02      -2.492e-01
       5.533e+02      -2.475e-01
       5.545e+02      -2.124e-01
       5.557e+02      -2.276e-01
       5.569e+02      -2.240e-01
       5.581e+02      -1.914e-01
       5.593e+02      -2.051e-01
       5.606e+02      -1.966e-01
       5.618e+02      -2.127e-01
       5.630e+02      -2.047e-01
       5.642e+02      -2.302e-01
       5.654e+02      -2.434e-01
       5.666e+02      -2.412e-01
       5.678e+02      -2.633e-01
       5.690e+02      -1.869e-01
       5.702e+02      -2.238e-01
       5.714e+02      -2.818e-01
       5.726e+02      -2.539e-01
       5.738e+02      -2.478e-01
       5.751e+02      -2.401e-01
       5.763e+02      -2.190e-01
       5.775e+02      -2.970e-01
       5.787e+02      -2.469e-01
       5.799e+02      -2.455e-01
       5.811e+02      -2.561e-01
       5.823e+02      -2.326e-01
       5.835e+02      -2.605e-01
       5.847e+02      -2.687e-01
       5.859e+02      -2.853e-01
       5.871e+02      -2.598e-01
       5.883e+02      -2.632e-01
       5.895e+02      -2.730e-01
       5.908e+02      -2.597e-01
       5.920e+02      -2.916e-01
       5.932e+02      -2.861e-01
       5.944e+02      -2.917e-01
       5.956e+02      -3.106e-01
       5.968e+02      -2.847e-01
       5.980e+02      -3.070e-01
       5.992e+02      -2.167e-01
       6.004e+02      -3.167e-01
       6.016e+02      -2.689e-01
       6.028e+02      -2.892e-01
       6.040e+02      -2.823e-01
       6.052e+02      -3.050e-01
       6.065e+02      -2.968e-01
       6.077e+02      -2.953e-01
       6.089e+02      -2.944e-01
       6.101e+02      -2.610e-01
       6.113e+02      -3.239e-01
       6.125e+02      -3.044e-01
       6.137e+02      -3.135e-01
       6.149e+02      -2.991e-01
       6.161e+02      -3.491e-01
       6.173e+02      -3.173e-01
       6.185e+02      -3.119e-01
       6.197e+02      -3.360e-01
       6.209e+02      -3.229e-01
       6.222e+02      -3.215e-01
       6.234e+02      -3.361e-01
       6.246e+02      -3.346e-01
       6.258e+02      -3.502e-01
       6.270e+02      -3.295e-01
       6.282e+02      -3.377e-01
       6.294e+02      -3.503e-01
       6.306e+02      -3.314e-01
       6.318e+02      -3.402e-01