      7  WLM        STCOR   PHL2525_cleanbaseavg.fits
RADEC
coordinates (deg)    4.926071e-01 -1.546093e+01
VLSR          Ta*
      -5.905e+02      -1.798e-02
      -5.893e+02       4.537e-02
      -5.881e+02      -2.529e-03
      -5.869e+02       3.631e-02
      -5.857e+02       1.724e-02
      -5.845e+02       3.615e-02
      -5.833e+02       3.115e-02
      -5.820e+02       2.391e-02
      -5.808e+02       1.505e-02
      -5.796e+02       1.292e-02
      -5.784e+02       9.837e-03
      -5.772e+02       2.380e-02
      -5.760e+02       2.619e-02
      -5.748e+02      -2.230e-03
      -5.736e+02       4.045e-02
      -5.724e+02       2.804e-02
      -5.712e+02       3.574e-02
      -5.700e+02      -2.770e-02
      -5.688e+02       4.551e-02
      -5.676e+02       2.531e-02
      -5.663e+02       2.587e-02
      -5.651e+02       3.921e-02
      -5.639e+02       1.295e-02
      -5.627e+02       1.902e-02
      -5.615e+02       2.866e-02
      -5.603e+02       2.991e-02
      -5.591e+02       3.927e-02
      -5.579e+02       2.339e-02
      -5.567e+02       4.142e-02
      -5.555e+02       4.970e-02
      -5.543e+02       3.963e-02
      -5.531e+02      -2.321e-02
      -5.519e+02       2.488e-03
      -5.506e+02       1.222e-02
      -5.494e+02       3.037e-02
      -5.482e+02      -1.513e-02
      -5.470e+02       1.815e-02
      -5.458e+02       4.006e-03
      -5.446e+02       1.447e-02
      -5.434e+02       3.038e-02
      -5.422e+02      -1.738e-02
      -5.410e+02       4.142e-02
      -5.398e+02       7.409e-03
      -5.386e+02      -1.179e-02
      -5.374e+02       6.046e-04
      -5.362e+02       3.937e-02
      -5.349e+02       1.458e-02
      -5.337e+02       2.029e-02
      -5.325e+02      -4.116e-02
      -5.313e+02       8.507e-03
      -5.301e+02      -3.208e-02
      -5.289e+02       2.567e-03
      -5.277e+02       1.730e-02
      -5.265e+02       2.495e-02
      -5.253e+02       1.315e-02
      -5.241e+02       2.355e-02
      -5.229e+02       3.085e-02
      -5.217e+02       2.881e-02
      -5.205e+02      -2.126e-02
      -5.192e+02      -3.480e-04
      -5.180e+02       1.342e-02
      -5.168e+02      -1.441e-02
      -5.156e+02      -9.888e-05
      -5.144e+02      -3.161e-02
      -5.132e+02       5.948e-03
      -5.120e+02       1.134e-02
      -5.108e+02       1.220e-02
      -5.096e+02       3.279e-02
      -5.084e+02       3.368e-02
      -5.072e+02      -1.054e-02
      -5.060e+02      -3.585e-02
      -5.047e+02       1.584e-02
      -5.035e+02       1.281e-03
      -5.023e+02       1.681e-03
      -5.011e+02       1.571e-02
      -4.999e+02       1.299e-02
      -4.987e+02       1.525e-02
      -4.975e+02       2.146e-02
      -4.963e+02       1.002e-02
      -4.951e+02      -4.557e-03
      -4.939e+02       2.450e-02
      -4.927e+02      -3.877e-03
      -4.915e+02      -4.416e-02
      -4.903e+02      -4.647e-03
      -4.890e+02      -2.191e-02
      -4.878e+02       1.169e-02
      -4.866e+02      -1.160e-02
      -4.854e+02       6.417e-03
      -4.842e+02      -6.181e-03
      -4.830e+02      -7.100e-05
      -4.818e+02       8.930e-03
      -4.806e+02       8.737e-03
      -4.794e+02       6.703e-03
      -4.782e+02      -1.788e-02
      -4.770e+02      -3.070e-03
      -4.758e+02       4.486e-02
      -4.746e+02      -8.661e-03
      -4.733e+02       6.448e-03
      -4.721e+02       3.518e-02
      -4.709e+02       2.791e-02
      -4.697e+02      -4.877e-03
      -4.685e+02      -1.999e-02
      -4.673e+02       3.034e-02
      -4.661e+02       2.209e-02
      -4.649e+02       1.147e-02
      -4.637e+02       2.984e-02
      -4.625e+02      -2.223e-02
      -4.613e+02      -3.766e-03
      -4.601e+02       1.121e-02
      -4.589e+02       2.428e-02
      -4.576e+02       5.724e-03
      -4.564e+02       6.665e-03
      -4.552e+02       1.621e-02
      -4.540e+02       3.603e-03
      -4.528e+02      -1.922e-02
      -4.516e+02      -6.393e-03
      -4.504e+02      -8.242e-03
      -4.492e+02      -2.879e-03
      -4.480e+02       1.459e-02
      -4.468e+02      -3.855e-02
      -4.456e+02      -1.310e-03
      -4.444e+02      -1.570e-02
      -4.431e+02      -6.768e-02
      -4.419e+02      -1.214e-02
      -4.407e+02       1.510e-02
      -4.395e+02      -4.063e-03
      -4.383e+02      -1.556e-02
      -4.371e+02       1.072e-03
      -4.359e+02      -8.286e-03
      -4.347e+02      -2.836e-02
      -4.335e+02       1.632e-02
      -4.323e+02       2.239e-02
      -4.311e+02       4.694e-03
      -4.299e+02      -4.188e-02
      -4.287e+02       1.757e-03
      -4.274e+02      -6.420e-03
      -4.262e+02      -3.115e-02
      -4.250e+02       5.672e-03
      -4.238e+02      -2.100e-02
      -4.226e+02       1.152e-03
      -4.214e+02       1.350e-02
      -4.202e+02       1.842e-02
      -4.190e+02      -6.105e-03
      -4.178e+02       2.438e-03
      -4.166e+02      -3.324e-02
      -4.154e+02      -3.494e-02
      -4.142e+02       3.036e-02
      -4.130e+02       9.982e-03
      -4.117e+02       7.125e-03
      -4.105e+02       1.903e-02
      -4.093e+02       2.755e-02
      -4.081e+02      -1.041e-02
      -4.069e+02      -3.255e-04
      -4.057e+02       6.849e-03
      -4.045e+02       1.004e-02
      -4.033e+02       4.262e-02
      -4.021e+02       2.040e-02
      -4.009e+02      -5.183e-03
      -3.997e+02      -4.649e-02
      -3.985e+02      -1.224e-02
      -3.973e+02       2.231e-02
      -3.960e+02       1.231e-02
      -3.948e+02       3.688e-02
      -3.936e+02      -7.487e-03
      -3.924e+02      -2.158e-02
      -3.912e+02      -1.897e-02
      -3.900e+02      -3.153e-02
      -3.888e+02      -3.578e-02
      -3.876e+02       4.112e-03
      -3.864e+02      -3.165e-02
      -3.852e+02       3.556e-02
      -3.840e+02      -1.792e-02
      -3.828e+02      -1.603e-03
      -3.815e+02      -3.981e-02
      -3.803e+02       3.100e-02
      -3.791e+02       9.183e-03
      -3.779e+02       3.921e-02
      -3.767e+02       1.418e-03
      -3.755e+02       4.561e-04
      -3.743e+02       4.836e-03
      -3.731e+02      -2.060e-02
      -3.719e+02       6.364e-03
      -3.707e+02      -1.108e-02
      -3.695e+02       1.212e-02
      -3.683e+02       2.613e-02
      -3.671e+02      -7.454e-03
      -3.658e+02       7.143e-03
      -3.646e+02       8.300e-03
      -3.634e+02      -9.534e-03
      -3.622e+02       5.805e-03
      -3.610e+02      -8.883e-03
      -3.598e+02       4.280e-03
      -3.586e+02      -1.988e-02
      -3.574e+02       1.332e-02
      -3.562e+02      -1.877e-02
      -3.550e+02       3.281e-03
      -3.538e+02       8.444e-03
      -3.526e+02      -5.313e-03
      -3.514e+02      -2.579e-02
      -3.501e+02       4.284e-02
      -3.489e+02       4.812e-03
      -3.477e+02       3.172e-02
      -3.465e+02       1.870e-02
      -3.453e+02       1.644e-02
      -3.441e+02      -4.741e-02
      -3.429e+02       5.746e-03
      -3.417e+02       6.729e-03
      -3.405e+02      -2.086e-02
      -3.393e+02      -3.703e-03
      -3.381e+02      -1.055e-02
      -3.369e+02      -2.991e-02
      -3.357e+02      -1.652e-02
      -3.344e+02      -1.480e-02
      -3.332e+02      -2.875e-02
      -3.320e+02       7.686e-03
      -3.308e+02      -7.440e-03
      -3.296e+02       1.396e-02
      -3.284e+02      -2.223e-02
      -3.272e+02      -1.846e-02
      -3.260e+02      -2.965e-03
      -3.248e+02      -1.124e-03
      -3.236e+02       1.501e-02
      -3.224e+02      -3.308e-03
      -3.212e+02       1.011e-02
      -3.200e+02      -1.808e-02
      -3.187e+02       3.134e-02
      -3.175e+02       2.982e-02
      -3.163e+02      -5.694e-02
      -3.151e+02       1.923e-02
      -3.139e+02      -2.289e-02
      -3.127e+02       8.513e-04
      -3.115e+02      -1.845e-02
      -3.103e+02      -9.027e-04
      -3.091e+02       6.121e-02
      -3.079e+02      -9.160e-03
      -3.067e+02       1.431e-02
      -3.055e+02       1.660e-02
      -3.042e+02       1.966e-02
      -3.030e+02       2.318e-02
      -3.018e+02       3.551e-02
      -3.006e+02      -2.072e-02
      -2.994e+02      -2.305e-02
      -2.982e+02       3.738e-02
      -2.970e+02      -4.063e-03
      -2.958e+02       3.657e-02
      -2.946e+02      -3.162e-03
      -2.934e+02       1.902e-02
      -2.922e+02       7.886e-03
      -2.910e+02       1.955e-02
      -2.898e+02      -3.080e-02
      -2.885e+02      -4.791e-02
      -2.873e+02      -1.308e-03
      -2.861e+02      -2.113e-02
      -2.849e+02      -8.867e-03
      -2.837e+02      -2.568e-02
      -2.825e+02       2.223e-02
      -2.813e+02      -7.815e-03
      -2.801e+02       4.838e-03
      -2.789e+02      -1.332e-03
      -2.777e+02      -3.385e-03
      -2.765e+02      -1.101e-02
      -2.753e+02       2.500e-02
      -2.741e+02      -1.242e-02
      -2.728e+02       1.915e-02
      -2.716e+02       6.823e-03
      -2.704e+02       2.092e-02
      -2.692e+02       6.804e-03
      -2.680e+02       1.167e-02
      -2.668e+02      -2.234e-03
      -2.656e+02       1.837e-03
      -2.644e+02       1.794e-03
      -2.632e+02      -5.063e-03
      -2.620e+02      -2.558e-03
      -2.608e+02      -3.556e-02
      -2.596e+02      -1.212e-02
      -2.584e+02      -2.076e-02
      -2.571e+02       1.584e-02
      -2.559e+02       1.542e-02
      -2.547e+02       4.284e-02
      -2.535e+02      -1.212e-02
      -2.523e+02       5.538e-03
      -2.511e+02       1.251e-02
      -2.499e+02      -2.031e-02
      -2.487e+02      -2.503e-02
      -2.475e+02       2.740e-02
      -2.463e+02       2.735e-03
      -2.451e+02       1.052e-02
      -2.439e+02      -1.195e-02
      -2.426e+02       1.637e-02
      -2.414e+02      -2.412e-02
      -2.402e+02      -1.536e-02
      -2.390e+02       3.451e-02
      -2.378e+02       1.658e-02
      -2.366e+02      -2.500e-03
      -2.354e+02      -2.459e-02
      -2.342e+02       2.010e-02
      -2.330e+02       2.487e-02
      -2.318e+02       1.154e-02
      -2.306e+02       3.776e-03
      -2.294e+02       4.777e-03
      -2.282e+02       2.394e-02
      -2.269e+02       3.861e-02
      -2.257e+02       1.872e-02
      -2.245e+02       1.781e-02
      -2.233e+02      -2.469e-03
      -2.221e+02      -7.290e-03
      -2.209e+02       4.261e-02
      -2.197e+02       6.194e-02
      -2.185e+02       5.389e-02
      -2.173e+02       5.125e-02
      -2.161e+02       2.674e-02
      -2.149e+02       3.392e-02
      -2.137e+02       2.961e-02
      -2.125e+02       3.524e-02
      -2.112e+02       3.748e-02
      -2.100e+02       4.518e-02
      -2.088e+02       4.088e-02
      -2.076e+02       6.058e-02
      -2.064e+02       4.710e-02
      -2.052e+02       9.467e-02
      -2.040e+02       7.583e-02
      -2.028e+02       5.431e-02
      -2.016e+02       7.355e-02
      -2.004e+02       7.736e-02
      -1.992e+02       7.619e-02
      -1.980e+02       8.782e-02
      -1.968e+02       7.909e-02
      -1.955e+02       7.937e-02
      -1.943e+02       1.069e-01
      -1.931e+02       6.317e-02
      -1.919e+02       4.910e-02
      -1.907e+02       5.616e-02
      -1.895e+02       1.191e-02
      -1.883e+02       5.078e-02
      -1.871e+02       5.444e-02
      -1.859e+02       8.253e-02
      -1.847e+02       3.171e-02
      -1.835e+02       6.215e-02
      -1.823e+02       6.333e-02
      -1.811e+02       6.181e-02
      -1.798e+02       6.642e-02
      -1.786e+02       6.901e-02
      -1.774e+02       7.744e-02
      -1.762e+02       1.280e-01
      -1.750e+02       1.475e-01
      -1.738e+02       1.580e-01
      -1.726e+02       2.128e-01
      -1.714e+02       2.531e-01
      -1.702e+02       3.189e-01
      -1.690e+02       4.036e-01
      -1.678e+02       5.033e-01
      -1.666e+02       6.158e-01
      -1.653e+02       7.594e-01
      -1.641e+02       9.641e-01
      -1.629e+02       1.170e+00
      -1.617e+02       1.463e+00
      -1.605e+02       1.768e+00
      -1.593e+02       2.043e+00
      -1.581e+02       2.287e+00
      -1.569e+02       2.576e+00
      -1.557e+02       2.823e+00
      -1.545e+02       3.108e+00
      -1.533e+02       3.381e+00
      -1.521e+02       3.670e+00
      -1.509e+02       3.931e+00
      -1.496e+02       4.192e+00
      -1.484e+02       4.409e+00
      -1.472e+02       4.560e+00
      -1.460e+02       4.743e+00
      -1.448e+02       4.969e+00
      -1.436e+02       5.222e+00
      -1.424e+02       5.507e+00
      -1.412e+02       5.657e+00
      -1.400e+02       5.892e+00
      -1.388e+02       6.080e+00
      -1.376e+02       6.292e+00
      -1.364e+02       6.495e+00
      -1.352e+02       6.728e+00
      -1.339e+02       6.839e+00
      -1.327e+02       6.934e+00
      -1.315e+02       6.980e+00
      -1.303e+02       7.038e+00
      -1.291e+02       7.065e+00
      -1.279e+02       7.175e+00
      -1.267e+02       7.327e+00
      -1.255e+02       7.524e+00
      -1.243e+02       7.819e+00
      -1.231e+02       8.029e+00
      -1.219e+02       8.265e+00
      -1.207e+02       8.472e+00
      -1.195e+02       8.592e+00
      -1.182e+02       8.784e+00
      -1.170e+02       8.887e+00
      -1.158e+02       8.936e+00
      -1.146e+02       8.766e+00
      -1.134e+02       8.485e+00
      -1.122e+02       8.056e+00
      -1.110e+02       7.593e+00
      -1.098e+02       7.171e+00
      -1.086e+02       6.600e+00
      -1.074e+02       6.103e+00
      -1.062e+02       5.542e+00
      -1.050e+02       5.007e+00
      -1.037e+02       4.420e+00
      -1.025e+02       3.959e+00
      -1.013e+02       3.481e+00
      -1.001e+02       3.063e+00
      -9.892e+01       2.709e+00
      -9.771e+01       2.384e+00
      -9.650e+01       2.082e+00
      -9.529e+01       1.874e+00
      -9.409e+01       1.622e+00
      -9.288e+01       1.452e+00
      -9.167e+01       1.244e+00
      -9.046e+01       1.098e+00
      -8.925e+01       9.308e-01
      -8.805e+01       7.398e-01
      -8.684e+01       6.312e-01
      -8.563e+01       5.556e-01
      -8.442e+01       4.123e-01
      -8.322e+01       3.596e-01
      -8.201e+01       2.999e-01
      -8.080e+01       2.591e-01
      -7.959e+01       2.052e-01
      -7.838e+01       1.600e-01
      -7.718e+01       1.146e-01
      -7.597e+01       1.024e-01
      -7.476e+01       9.502e-02
      -7.355e+01       3.907e-02
      -7.235e+01       7.673e-02
      -7.114e+01       5.111e-02
      -6.993e+01       5.771e-02
      -6.872e+01       5.427e-02
      -6.751e+01       2.218e-02
      -6.631e+01      -1.585e-02
      -6.510e+01       5.422e-02
      -6.389e+01       2.686e-02
      -6.268e+01      -9.837e-03
      -6.147e+01       2.610e-02
      -6.027e+01       1.269e-02
      -5.906e+01       2.493e-02
      -5.785e+01       1.095e-02
      -5.664e+01       4.230e-02
      -5.544e+01       4.176e-02
      -5.423e+01       7.094e-02
      -5.302e+01       1.408e-02
      -5.181e+01       1.436e-02
      -5.060e+01       4.997e-02
      -4.940e+01       3.329e-02
      -4.819e+01       6.739e-02
      -4.698e+01       7.235e-02
      -4.577e+01       9.651e-02
      -4.457e+01       7.190e-02
      -4.336e+01       7.749e-02
      -4.215e+01       1.195e-01
      -4.094e+01       1.112e-01
      -3.973e+01       1.424e-01
      -3.853e+01       1.887e-01
      -3.732e+01       2.046e-01
      -3.611e+01       2.383e-01
      -3.490e+01       2.399e-01
      -3.369e+01       2.613e-01
      -3.249e+01       2.718e-01
      -3.128e+01       3.574e-01
      -3.007e+01       3.886e-01
      -2.886e+01       4.738e-01
      -2.766e+01       4.999e-01
      -2.645e+01       6.047e-01
      -2.524e+01       7.422e-01
      -2.403e+01       9.281e-01
      -2.282e+01       1.098e+00
      -2.162e+01       1.323e+00
      -2.041e+01       1.552e+00
      -1.920e+01       1.877e+00
      -1.799e+01       2.234e+00
      -1.679e+01       2.694e+00
      -1.558e+01       3.203e+00
      -1.437e+01       3.556e+00
      -1.316e+01       3.655e+00
      -1.195e+01       3.688e+00
      -1.075e+01       3.890e+00
      -9.538e+00       4.137e+00
      -8.330e+00       4.437e+00
      -7.123e+00       4.912e+00
      -5.915e+00       5.371e+00
      -4.707e+00       5.368e+00
      -3.499e+00       5.024e+00
      -2.291e+00       4.877e+00
      -1.083e+00       4.595e+00
       1.245e-01       4.145e+00
       1.332e+00       3.657e+00
       2.540e+00       3.026e+00
       3.748e+00       2.403e+00
       4.956e+00       1.959e+00
       6.164e+00       1.482e+00
       7.371e+00       1.099e+00
       8.579e+00       9.010e-01
       9.787e+00       6.931e-01
       1.099e+01       5.358e-01
       1.220e+01       4.467e-01
       1.341e+01       3.447e-01
       1.462e+01       3.014e-01
       1.583e+01       2.342e-01
       1.703e+01       1.867e-01
       1.824e+01       1.838e-01
       1.945e+01       1.461e-01
       2.066e+01       1.262e-01
       2.187e+01       8.471e-02
       2.307e+01       7.903e-02
       2.428e+01       5.509e-02
       2.549e+01       2.533e-02
       2.670e+01       5.136e-02
       2.790e+01       1.335e-02
       2.911e+01       4.139e-02
       3.032e+01       5.773e-02
       3.153e+01       2.329e-02
       3.274e+01       4.468e-02
       3.394e+01      -8.784e-03
       3.515e+01       3.587e-02
       3.636e+01       1.973e-02
       3.757e+01       1.933e-02
       3.878e+01      -1.865e-03
       3.998e+01       6.151e-03
       4.119e+01       8.841e-04
       4.240e+01      -5.600e-03
       4.361e+01       1.664e-02
       4.481e+01      -8.077e-03
       4.602e+01       3.357e-02
       4.723e+01       1.999e-03
       4.844e+01       1.384e-02
       4.965e+01       3.316e-02
       5.085e+01      -5.187e-03
       5.206e+01       2.409e-02
       5.327e+01      -1.430e-02
       5.448e+01       1.489e-02
       5.568e+01       7.486e-03
       5.689e+01      -5.204e-03
       5.810e+01      -2.905e-02
       5.931e+01       6.771e-03
       6.052e+01      -4.224e-03
       6.172e+01       7.731e-03
       6.293e+01      -1.286e-02
       6.414e+01       1.922e-02
       6.535e+01       4.736e-03
       6.656e+01       5.355e-03
       6.776e+01       7.719e-03
       6.897e+01      -9.637e-03
       7.018e+01       1.908e-02
       7.139e+01      -2.328e-02
       7.259e+01      -2.572e-03
       7.380e+01      -1.634e-02
       7.501e+01      -1.360e-02
       7.622e+01       1.050e-03
       7.743e+01      -2.228e-02
       7.863e+01       1.837e-02
       7.984e+01       9.250e-03
       8.105e+01      -2.315e-02
       8.226e+01       6.240e-03
       8.346e+01       1.622e-02
       8.467e+01       1.512e-04
       8.588e+01       1.414e-02
       8.709e+01       1.163e-02
       8.830e+01      -4.141e-03
       8.950e+01      -8.785e-03
       9.071e+01       3.193e-03
       9.192e+01      -9.321e-03
       9.313e+01       1.018e-02
       9.434e+01       6.783e-03
       9.554e+01       9.614e-03
       9.675e+01      -4.470e-02
       9.796e+01      -2.602e-02
       9.917e+01      -6.037e-03
       1.004e+02      -2.153e-02
       1.016e+02      -8.867e-03
       1.028e+02       2.742e-02
       1.040e+02      -2.289e-02
       1.052e+02       4.384e-03
       1.064e+02       2.016e-02
       1.076e+02      -1.196e-03
       1.088e+02      -2.256e-02
       1.100e+02      -1.607e-02
       1.112e+02       1.490e-02
       1.125e+02       2.730e-02
       1.137e+02      -2.081e-02
       1.149e+02      -9.528e-03
       1.161e+02       7.005e-03
       1.173e+02       9.894e-03
       1.185e+02      -6.521e-03
       1.197e+02      -1.823e-03
       1.209e+02      -5.554e-03
       1.221e+02      -5.220e-03
       1.233e+02       8.745e-03
       1.245e+02      -4.229e-02
       1.257e+02       3.534e-03
       1.269e+02       1.436e-02
       1.282e+02      -8.556e-03
       1.294e+02      -1.148e-02
       1.306e+02       3.915e-02
       1.318e+02       1.893e-02
       1.330e+02      -1.515e-02
       1.342e+02       2.872e-03
       1.354e+02       2.475e-03
       1.366e+02      -3.839e-02
       1.378e+02      -9.894e-03
       1.390e+02       1.544e-02
       1.402e+02       1.772e-02
       1.414e+02      -2.153e-02
       1.426e+02       3.073e-02
       1.439e+02       1.174e-02
       1.451e+02      -2.127e-02
       1.463e+02      -7.537e-03
       1.475e+02       1.160e-02
       1.487e+02       2.468e-02
       1.499e+02       2.011e-02
       1.511e+02      -3.001e-02
       1.523e+02      -2.999e-02
       1.535e+02       5.765e-03
       1.547e+02       2.057e-02
       1.559e+02      -2.379e-02
       1.571e+02      -8.737e-03
       1.584e+02      -2.145e-02
       1.596e+02       1.749e-02
       1.608e+02       9.472e-03
       1.620e+02       4.185e-03
       1.632e+02      -1.236e-03
       1.644e+02       3.703e-03
       1.656e+02      -3.633e-02
       1.668e+02      -4.804e-02
       1.680e+02      -5.252e-03
       1.692e+02       7.072e-03
       1.704e+02      -3.852e-03
       1.716e+02       7.311e-03
       1.728e+02      -1.244e-02
       1.741e+02      -1.394e-02
       1.753e+02       6.335e-03
       1.765e+02      -1.023e-03
       1.777e+02       4.639e-03
       1.789e+02       2.122e-02
       1.801e+02      -9.718e-03
       1.813e+02       1.523e-02
       1.825e+02       2.001e-02
       1.837e+02      -2.312e-03
       1.849e+02       2.743e-02
       1.861e+02      -9.205e-03
       1.873e+02       3.324e-02
       1.885e+02       3.423e-03
       1.898e+02      -4.860e-03
       1.910e+02       2.555e-02
       1.922e+02       8.179e-03
       1.934e+02      -2.225e-02
       1.946e+02       1.361e-02
       1.958e+02       2.904e-02
       1.970e+02      -2.212e-02
       1.982e+02      -5.300e-03
       1.994e+02       4.083e-04
       2.006e+02       8.672e-03
       2.018e+02       1.539e-02
       2.030e+02      -8.165e-03
       2.042e+02      -7.539e-03
       2.055e+02       3.380e-02
       2.067e+02       1.026e-02
       2.079e+02       1.175e-02
       2.091e+02       1.909e-02
       2.103e+02       3.300e-02
       2.115e+02      -3.737e-03
       2.127e+02      -2.598e-02
       2.139e+02      -1.608e-02
       2.151e+02      -2.138e-02
       2.163e+02      -1.258e-04
       2.175e+02      -1.073e-02
       2.187e+02       5.449e-03
       2.199e+02       3.529e-02
       2.212e+02      -7.204e-03
       2.224e+02       4.023e-02
       2.236e+02       6.795e-03
       2.248e+02       1.639e-02
       2.260e+02      -2.185e-03
       2.272e+02       8.734e-03
       2.284e+02       2.930e-02
       2.296e+02      -3.987e-03
       2.308e+02      -1.252e-02
       2.320e+02       2.086e-02
       2.332e+02      -2.008e-02
       2.344e+02       1.157e-02
       2.357e+02       3.051e-02
       2.369e+02      -5.400e-02
       2.381e+02      -3.033e-03
       2.393e+02       7.817e-03
       2.405e+02       1.596e-02
       2.417e+02      -7.097e-03
       2.429e+02      -1.783e-02
       2.441e+02      -3.711e-05
       2.453e+02      -8.093e-03
       2.465e+02      -8.755e-03
       2.477e+02       2.318e-02
       2.489e+02       2.407e-02
       2.501e+02       1.109e-02
       2.514e+02      -1.239e-02
       2.526e+02       7.739e-03
       2.538e+02      -1.041e-02
       2.550e+02       1.010e-02
       2.562e+02      -9.441e-03
       2.574e+02      -2.746e-02
       2.586e+02      -1.349e-02
       2.598e+02       5.220e-03
       2.610e+02      -5.661e-03
       2.622e+02       3.034e-02
       2.634e+02       1.804e-03
       2.646e+02       3.373e-03
       2.658e+02      -3.746e-03
       2.671e+02      -1.930e-02
       2.683e+02      -1.420e-02
       2.695e+02      -1.407e-02
       2.707e+02       1.180e-04
       2.719e+02      -2.106e-02
       2.731e+02      -1.764e-02
       2.743e+02      -5.285e-03
       2.755e+02      -1.037e-02
       2.767e+02       1.154e-02
       2.779e+02       5.947e-03
       2.791e+02      -1.094e-02
       2.803e+02      -1.468e-03
       2.815e+02      -1.180e-02
       2.828e+02      -1.378e-04
       2.840e+02      -3.878e-02
       2.852e+02      -4.405e-04
       2.864e+02      -6.061e-03
       2.876e+02      -1.447e-03
       2.888e+02       1.108e-02
       2.900e+02       2.630e-02
       2.912e+02       6.342e-03
       2.924e+02       2.129e-02
       2.936e+02      -8.008e-03
       2.948e+02      -1.651e-02
       2.960e+02      -1.145e-05
       2.973e+02      -4.290e-03
       2.985e+02       4.704e-03
       2.997e+02       6.420e-03
       3.009e+02      -5.966e-03
       3.021e+02      -3.272e-02
       3.033e+02      -5.351e-04
       3.045e+02      -9.537e-03
       3.057e+02      -8.865e-03
       3.069e+02      -3.067e-02
       3.081e+02      -1.050e-02
       3.093e+02      -3.145e-02
       3.105e+02      -8.719e-03
       3.117e+02       5.046e-02
       3.130e+02       4.376e-02
       3.142e+02       1.999e-02
       3.154e+02       2.399e-02
       3.166e+02      -3.830e-02
       3.178e+02      -4.635e-02
       3.190e+02       1.351e-02
       3.202e+02      -3.792e-02
       3.214e+02       2.723e-02
       3.226e+02      -1.402e-02
       3.238e+02      -1.078e-02
       3.250e+02       5.653e-03
       3.262e+02       3.997e-03
       3.274e+02      -2.428e-02
       3.287e+02       1.119e-02
       3.299e+02      -1.292e-02
       3.311e+02      -5.945e-03
       3.323e+02      -9.634e-03
       3.335e+02       3.524e-02
       3.347e+02      -1.942e-03
       3.359e+02      -6.608e-02
       3.371e+02      -3.275e-02
       3.383e+02       2.287e-02
       3.395e+02       1.189e-02
       3.407e+02      -2.169e-02
       3.419e+02      -3.805e-02
       3.431e+02      -1.976e-02
       3.444e+02       9.537e-03
       3.456e+02      -1.734e-02
       3.468e+02      -1.043e-02
       3.480e+02       1.390e-02
       3.492e+02       2.972e-02
       3.504e+02      -7.181e-03
       3.516e+02      -1.401e-02
       3.528e+02       1.720e-02
       3.540e+02       6.017e-03
       3.552e+02      -3.074e-03
       3.564e+02       2.115e-02
       3.576e+02      -6.325e-03
       3.588e+02      -2.563e-02
       3.601e+02      -1.023e-02
       3.613e+02      -2.771e-02
       3.625e+02      -4.244e-03
       3.637e+02       2.504e-02
       3.649e+02      -4.500e-03
       3.661e+02       4.202e-02
       3.673e+02       1.508e-02
       3.685e+02      -8.944e-04
       3.697e+02      -2.037e-02
       3.709e+02      -1.694e-02
       3.721e+02       2.641e-02
       3.733e+02      -5.579e-02
       3.746e+02      -8.356e-03
       3.758e+02      -5.632e-03
       3.770e+02      -1.027e-02
       3.782e+02       1.017e-02
       3.794e+02      -9.840e-03
       3.806e+02       1.387e-02
       3.818e+02      -2.144e-02
       3.830e+02      -2.307e-04
       3.842e+02      -7.846e-03
       3.854e+02       1.137e-02
       3.866e+02       5.967e-03
       3.878e+02      -1.453e-02
       3.890e+02      -5.054e-03
       3.903e+02       3.798e-02
       3.915e+02      -1.482e-02
       3.927e+02       4.267e-02
       3.939e+02       1.225e-02
       3.951e+02      -1.732e-02
       3.963e+02      -1.939e-02
       3.975e+02      -2.307e-02
       3.987e+02      -6.952e-02
       3.999e+02      -1.446e-01
       4.011e+02      -1.000e-01
       4.023e+02      -3.254e-02
       4.035e+02       1.869e-02
       4.047e+02       4.083e-02
       4.060e+02      -1.504e-02
       4.072e+02      -2.163e-02
       4.084e+02      -3.597e-02
       4.096e+02      -1.521e-02
       4.108e+02      -6.486e-03
       4.120e+02      -9.566e-03
       4.132e+02       2.582e-02
       4.144e+02      -1.660e-02
       4.156e+02       5.552e-03
       4.168e+02       3.399e-02
       4.180e+02       2.225e-02
       4.192e+02      -1.244e-02
       4.204e+02      -3.245e-04
       4.217e+02      -9.521e-04
       4.229e+02       5.444e-03
       4.241e+02      -1.261e-02
       4.253e+02      -2.376e-02
       4.265e+02       4.740e-03
       4.277e+02       1.941e-03
       4.289e+02      -2.896e-02
       4.301e+02      -1.253e-02
       4.313e+02      -1.001e-02
       4.325e+02       2.351e-03
       4.337e+02       2.488e-03
       4.349e+02      -3.143e-03
       4.362e+02      -2.344e-02
       4.374e+02      -2.766e-03
       4.386e+02       2.353e-02
       4.398e+02      -3.217e-04
       4.410e+02      -2.779e-02
       4.422e+02       2.951e-02
       4.434e+02      -1.994e-02
       4.446e+02       5.697e-03
       4.458e+02       1.127e-04
       4.470e+02       7.648e-03
       4.482e+02      -1.337e-04
       4.494e+02       4.548e-02
       4.506e+02       4.663e-02
       4.519e+02       4.907e-03
       4.531e+02       4.347e-02
       4.543e+02       1.389e-02
       4.555e+02       7.353e-03
       4.567e+02       3.405e-02
       4.579e+02      -1.490e-02
       4.591e+02      -2.118e-03
       4.603e+02      -8.517e-03
       4.615e+02       1.477e-02
       4.627e+02       1.906e-02
       4.639e+02       1.698e-02
       4.651e+02       1.016e-02
       4.663e+02      -2.776e-02
       4.676e+02      -1.552e-02
       4.688e+02       4.725e-03
       4.700e+02       2.580e-02
       4.712e+02       1.353e-02
       4.724e+02       1.741e-02
       4.736e+02      -5.095e-03
       4.748e+02       1.459e-02
       4.760e+02      -1.348e-02
       4.772e+02       2.200e-02
       4.784e+02       4.752e-03
       4.796e+02       1.603e-02
       4.808e+02      -1.058e-02
       4.820e+02       1.022e-02
       4.833e+02      -2.593e-02
       4.845e+02       2.957e-03
       4.857e+02      -3.909e-03
       4.869e+02      -1.013e-02
       4.881e+02       2.303e-02
       4.893e+02       1.557e-02
       4.905e+02       1.043e-02
       4.917e+02      -1.096e-02
       4.929e+02       1.075e-02
       4.941e+02      -9.888e-03
       4.953e+02      -2.135e-02
       4.965e+02      -1.232e-02
       4.978e+02       5.977e-03
       4.990e+02      -1.433e-02
       5.002e+02       5.060e-03
       5.014e+02       2.588e-02
       5.026e+02       2.711e-02
       5.038e+02       1.683e-02
       5.050e+02       1.357e-02
       5.062e+02       1.150e-02
       5.074e+02      -1.803e-03
       5.086e+02      -5.662e-04
       5.098e+02       2.024e-02
       5.110e+02      -1.868e-02
       5.122e+02      -2.155e-02
       5.135e+02       4.188e-03
       5.147e+02      -1.213e-02
       5.159e+02       3.610e-02
       5.171e+02       2.144e-02
       5.183e+02       1.431e-02
       5.195e+02      -3.109e-02
       5.207e+02      -1.107e-02
       5.219e+02       2.082e-03
       5.231e+02      -3.288e-02
       5.243e+02      -3.071e-02
       5.255e+02       5.891e-05
       5.267e+02       4.020e-03
       5.279e+02      -2.994e-02
       5.292e+02       1.001e-03
       5.304e+02      -1.202e-02
       5.316e+02      -5.375e-02
       5.328e+02      -3.831e-02
       5.340e+02      -1.517e-02
       5.352e+02      -1.648e-02
       5.364e+02      -9.500e-03
       5.376e+02      -1.855e-02
       5.388e+02      -8.264e-03
       5.400e+02      -2.486e-02
       5.412e+02      -5.850e-02
       5.424e+02      -2.036e-02
       5.436e+02      -7.409e-02
       5.449e+02      -8.351e-02
       5.461e+02      -3.253e-02
       5.473e+02      -5.939e-02
       5.485e+02      -2.355e-02
       5.497e+02      -9.503e-03
       5.509e+02      -4.587e-02
       5.521e+02      -6.392e-02
       5.533e+02      -2.614e-02
       5.545e+02       6.001e-04
       5.557e+02      -2.653e-02
       5.569e+02      -4.152e-02
       5.581e+02      -1.593e-02
       5.593e+02      -7.695e-02
       5.606e+02      -6.082e-02
       5.618e+02      -2.891e-02
       5.630e+02      -6.334e-02
       5.642e+02      -7.004e-02
       5.654e+02      -7.323e-02
       5.666e+02      -1.338e-01
       5.678e+02      -1.302e-01
       5.690e+02      -1.814e-01
       5.702e+02      -1.973e-01
       5.714e+02      -2.516e-01
       5.726e+02      -3.365e-01
       5.738e+02      -4.020e-01
       5.751e+02      -4.725e-01
       5.763e+02      -6.106e-01
       5.775e+02      -7.186e-01
       5.787e+02      -8.811e-01
       5.799e+02      -9.400e-01
       5.811e+02      -1.048e+00
       5.823e+02      -1.172e+00
       5.835e+02      -1.265e+00
       5.847e+02      -1.369e+00
       5.859e+02      -1.457e+00
       5.871e+02      -1.562e+00
       5.883e+02      -1.661e+00
       5.895e+02      -1.747e+00
       5.908e+02      -1.793e+00
       5.920e+02      -1.836e+00
       5.932e+02      -1.959e+00
       5.944e+02      -1.969e+00
       5.956e+02      -2.083e+00
       5.968e+02      -2.109e+00
       5.980e+02      -2.218e+00
       5.992e+02      -2.273e+00
       6.004e+02      -2.321e+00
       6.016e+02      -2.430e+00
       6.028e+02      -2.457e+00
       6.040e+02      -2.483e+00
       6.052e+02      -2.563e+00
       6.065e+02      -2.544e+00
       6.077e+02      -2.571e+00
       6.089e+02      -2.570e+00
       6.101e+02      -2.587e+00
       6.113e+02      -2.620e+00
       6.125e+02      -2.681e+00
       6.137e+02      -2.719e+00
       6.149e+02      -2.782e+00
       6.161e+02      -2.837e+00
       6.173e+02      -2.928e+00
       6.185e+02      -2.959e+00
       6.197e+02      -2.985e+00
       6.209e+02      -3.044e+00
       6.222e+02      -3.062e+00
       6.234e+02      -3.067e+00
       6.246e+02      -2.987e+00
       6.258e+02      -2.927e+00
       6.270e+02      -2.774e+00
       6.282e+02      -2.705e+00
       6.294e+02      -2.547e+00
       6.306e+02      -2.415e+00
       6.318e+02      -2.249e+00