
      28  PHL2525mp3 STCOR 0   PHL2525_cleanbaseavg.fits
GALACTIC
coordinates (deg)    7.915974e+01 -7.081588e+01
VLSR          Ta*
      -5.905e+02       5.879e-02
      -5.893e+02       2.836e-02
      -5.881e+02       1.004e-02
      -5.869e+02       2.381e-02
      -5.857e+02      -1.563e-02
      -5.845e+02       1.230e-02
      -5.833e+02       7.788e-03
      -5.820e+02       2.232e-02
      -5.808e+02       3.016e-02
      -5.796e+02       3.220e-02
      -5.784e+02       3.773e-02
      -5.772e+02       2.257e-02
      -5.760e+02       3.405e-02
      -5.748e+02       1.820e-03
      -5.736e+02       6.145e-03
      -5.724e+02       1.737e-02
      -5.712e+02       5.632e-02
      -5.700e+02       4.167e-02
      -5.688e+02       1.179e-02
      -5.676e+02       2.051e-02
      -5.663e+02       2.876e-02
      -5.651e+02      -1.676e-02
      -5.639e+02       5.603e-02
      -5.627e+02      -2.276e-03
      -5.615e+02      -2.316e-03
      -5.603e+02       4.407e-02
      -5.591e+02       4.300e-02
      -5.579e+02       1.408e-02
      -5.567e+02       6.333e-02
      -5.555e+02       5.982e-02
      -5.543e+02       2.321e-02
      -5.531e+02       4.239e-02
      -5.519e+02       1.377e-02
      -5.506e+02       1.759e-02
      -5.494e+02       3.079e-02
      -5.482e+02      -6.251e-03
      -5.470e+02      -7.068e-03
      -5.458e+02       5.516e-03
      -5.446e+02       6.753e-03
      -5.434e+02       5.353e-03
      -5.422e+02       3.826e-03
      -5.410e+02       1.653e-02
      -5.398e+02       1.206e-02
      -5.386e+02       4.817e-03
      -5.374e+02       1.372e-02
      -5.362e+02      -8.559e-05
      -5.349e+02       3.511e-02
      -5.337e+02      -1.832e-02
      -5.325e+02      -1.895e-02
      -5.313e+02       9.333e-04
      -5.301e+02      -1.645e-02
      -5.289e+02      -9.370e-03
      -5.277e+02      -2.995e-04
      -5.265e+02       2.353e-02
      -5.253e+02       9.227e-03
      -5.241e+02       1.658e-03
      -5.229e+02       8.121e-03
      -5.217e+02       1.030e-02
      -5.204e+02      -8.123e-03
      -5.192e+02      -8.692e-04
      -5.180e+02       3.211e-02
      -5.168e+02       1.560e-02
      -5.156e+02       5.483e-03
      -5.144e+02       1.017e-02
      -5.132e+02       2.395e-02
      -5.120e+02      -4.501e-03
      -5.108e+02      -1.691e-02
      -5.096e+02       1.328e-02
      -5.084e+02      -2.328e-03
      -5.072e+02       2.133e-02
      -5.060e+02       3.484e-02
      -5.047e+02       2.823e-03
      -5.035e+02      -6.939e-03
      -5.023e+02      -8.743e-03
      -5.011e+02      -1.920e-03
      -4.999e+02      -2.712e-02
      -4.987e+02       3.520e-02
      -4.975e+02       5.908e-03
      -4.963e+02       1.208e-02
      -4.951e+02       2.052e-02
      -4.939e+02       2.069e-02
      -4.927e+02       1.343e-02
      -4.915e+02       2.931e-02
      -4.903e+02      -1.909e-02
      -4.890e+02      -2.531e-02
      -4.878e+02      -3.050e-02
      -4.866e+02       7.728e-03
      -4.854e+02      -2.313e-02
      -4.842e+02       2.071e-02
      -4.830e+02      -2.999e-02
      -4.818e+02       5.656e-03
      -4.806e+02      -6.652e-03
      -4.794e+02      -1.349e-02
      -4.782e+02       1.538e-02
      -4.770e+02      -2.020e-03
      -4.758e+02       3.785e-02
      -4.746e+02      -8.996e-05
      -4.733e+02      -2.758e-03
      -4.721e+02       1.092e-04
      -4.709e+02      -9.823e-03
      -4.697e+02      -7.340e-03
      -4.685e+02       9.552e-03
      -4.673e+02       2.029e-02
      -4.661e+02       1.491e-02
      -4.649e+02      -1.581e-02
      -4.637e+02       1.943e-03
      -4.625e+02      -1.784e-02
      -4.613e+02      -2.925e-03
      -4.601e+02      -2.213e-03
      -4.589e+02       6.850e-03
      -4.576e+02      -1.644e-02
      -4.564e+02       1.719e-02
      -4.552e+02      -1.914e-02
      -4.540e+02       1.260e-02
      -4.528e+02       9.382e-03
      -4.516e+02      -3.086e-03
      -4.504e+02      -1.267e-02
      -4.492e+02       1.204e-02
      -4.480e+02      -3.170e-03
      -4.468e+02       5.323e-03
      -4.456e+02       1.851e-02
      -4.444e+02      -1.363e-02
      -4.431e+02       5.261e-03
      -4.419e+02       7.714e-03
      -4.407e+02      -3.556e-03
      -4.395e+02       5.872e-03
      -4.383e+02       4.195e-02
      -4.371e+02      -3.377e-02
      -4.359e+02       7.934e-03
      -4.347e+02       6.683e-03
      -4.335e+02      -1.463e-02
      -4.323e+02      -1.204e-02
      -4.311e+02       1.267e-02
      -4.299e+02       4.772e-03
      -4.287e+02       2.077e-02
      -4.274e+02      -2.809e-02
      -4.262e+02      -1.462e-02
      -4.250e+02      -2.673e-06
      -4.238e+02      -9.303e-03
      -4.226e+02       7.961e-03
      -4.214e+02       1.711e-02
      -4.202e+02       1.588e-02
      -4.190e+02       3.550e-03
      -4.178e+02      -3.197e-02
      -4.166e+02      -7.949e-04
      -4.154e+02       2.788e-02
      -4.142e+02       5.824e-04
      -4.130e+02      -9.429e-03
      -4.117e+02      -3.515e-02
      -4.105e+02      -1.501e-02
      -4.093e+02       1.359e-02
      -4.081e+02       3.086e-02
      -4.069e+02      -2.799e-02
      -4.057e+02       2.662e-02
      -4.045e+02       6.157e-03
      -4.033e+02       8.177e-03
      -4.021e+02      -1.400e-02
      -4.009e+02      -4.803e-03
      -3.997e+02      -2.042e-02
      -3.985e+02       6.977e-03
      -3.973e+02      -6.954e-03
      -3.960e+02      -5.122e-03
      -3.948e+02      -1.616e-03
      -3.936e+02       1.361e-02
      -3.924e+02       4.015e-03
      -3.912e+02      -1.017e-02
      -3.900e+02      -9.865e-03
      -3.888e+02      -6.990e-03
      -3.876e+02      -8.424e-04
      -3.864e+02       3.377e-02
      -3.852e+02      -2.928e-02
      -3.840e+02      -1.629e-03
      -3.828e+02      -2.102e-03
      -3.815e+02       3.256e-02
      -3.803e+02      -2.044e-02
      -3.791e+02       1.236e-02
      -3.779e+02      -3.729e-02
      -3.767e+02       4.335e-03
      -3.755e+02      -3.574e-03
      -3.743e+02       2.783e-03
      -3.731e+02       3.329e-03
      -3.719e+02       1.740e-02
      -3.707e+02      -1.565e-02
      -3.695e+02      -1.768e-02
      -3.683e+02       1.851e-02
      -3.671e+02      -2.909e-02
      -3.658e+02       2.823e-04
      -3.646e+02       4.010e-03
      -3.634e+02      -2.105e-02
      -3.622e+02      -1.057e-02
      -3.610e+02       3.088e-03
      -3.598e+02      -2.053e-02
      -3.586e+02       1.552e-04
      -3.574e+02       1.826e-02
      -3.562e+02      -9.562e-03
      -3.550e+02       3.583e-03
      -3.538e+02       1.010e-02
      -3.526e+02      -9.902e-04
      -3.514e+02       6.963e-03
      -3.501e+02       2.556e-03
      -3.489e+02      -5.190e-03
      -3.477e+02       1.673e-02
      -3.465e+02      -3.263e-02
      -3.453e+02       1.323e-02
      -3.441e+02       1.605e-02
      -3.429e+02      -8.679e-03
      -3.417e+02       7.427e-03
      -3.405e+02       2.988e-02
      -3.393e+02       1.011e-03
      -3.381e+02      -1.130e-02
      -3.369e+02      -1.754e-02
      -3.357e+02       3.665e-02
      -3.344e+02       1.332e-03
      -3.332e+02       2.221e-02
      -3.320e+02       5.277e-03
      -3.308e+02       1.079e-02
      -3.296e+02      -6.631e-03
      -3.284e+02      -2.691e-02
      -3.272e+02      -1.068e-02
      -3.260e+02       1.552e-02
      -3.248e+02       1.750e-02
      -3.236e+02      -2.566e-02
      -3.224e+02      -2.297e-02
      -3.212e+02       4.648e-03
      -3.200e+02      -1.542e-02
      -3.187e+02       2.806e-02
      -3.175e+02      -2.058e-03
      -3.163e+02       5.131e-03
      -3.151e+02      -1.927e-02
      -3.139e+02       3.030e-03
      -3.127e+02       9.436e-04
      -3.115e+02      -2.786e-02
      -3.103e+02       2.912e-02
      -3.091e+02       1.828e-02
      -3.079e+02       1.376e-02
      -3.067e+02      -1.345e-02
      -3.055e+02       6.395e-03
      -3.042e+02       1.026e-02
      -3.030e+02      -2.117e-02
      -3.018e+02      -1.822e-02
      -3.006e+02      -1.770e-02
      -2.994e+02       4.218e-02
      -2.982e+02       5.515e-03
      -2.970e+02      -2.580e-02
      -2.958e+02      -3.382e-02
      -2.946e+02       5.494e-04
      -2.934e+02      -1.612e-02
      -2.922e+02      -4.860e-03
      -2.910e+02       2.301e-03
      -2.898e+02       3.912e-03
      -2.885e+02      -3.177e-04
      -2.873e+02       1.130e-02
      -2.861e+02       6.609e-03
      -2.849e+02       1.819e-02
      -2.837e+02      -6.164e-04
      -2.825e+02      -1.276e-02
      -2.813e+02      -7.590e-03
      -2.801e+02       1.084e-02
      -2.789e+02      -1.565e-03
      -2.777e+02       5.590e-03
      -2.765e+02       1.759e-02
      -2.753e+02      -9.642e-03
      -2.741e+02       1.296e-02
      -2.728e+02      -7.808e-03
      -2.716e+02       2.475e-04
      -2.704e+02       1.112e-02
      -2.692e+02       1.779e-03
      -2.680e+02       1.780e-02
      -2.668e+02      -2.721e-04
      -2.656e+02      -3.014e-03
      -2.644e+02      -4.639e-03
      -2.632e+02      -1.341e-02
      -2.620e+02       1.173e-02
      -2.608e+02       8.884e-04
      -2.596e+02      -1.827e-02
      -2.584e+02      -1.429e-02
      -2.571e+02       5.989e-03
      -2.559e+02      -1.631e-02
      -2.547e+02       1.903e-02
      -2.535e+02       1.319e-02
      -2.523e+02      -3.835e-02
      -2.511e+02      -1.921e-03
      -2.499e+02       2.175e-03
      -2.487e+02      -2.858e-03
      -2.475e+02      -7.483e-03
      -2.463e+02       3.174e-02
      -2.451e+02      -1.677e-02
      -2.439e+02      -1.006e-02
      -2.426e+02      -1.009e-02
      -2.414e+02       2.494e-03
      -2.402e+02       4.785e-02
      -2.390e+02       2.951e-02
      -2.378e+02       4.575e-03
      -2.366e+02       1.379e-02
      -2.354e+02       6.108e-03
      -2.342e+02       5.804e-03
      -2.330e+02       3.482e-02
      -2.318e+02       2.294e-02
      -2.306e+02       2.812e-02
      -2.294e+02       4.510e-02
      -2.282e+02       1.035e-02
      -2.269e+02       2.409e-02
      -2.257e+02       6.241e-02
      -2.245e+02       5.752e-02
      -2.233e+02       6.351e-02
      -2.221e+02       5.967e-02
      -2.209e+02       8.601e-02
      -2.197e+02       7.154e-02
      -2.185e+02       6.784e-02
      -2.173e+02       9.423e-02
      -2.161e+02       1.097e-01
      -2.149e+02       1.181e-01
      -2.137e+02       1.070e-01
      -2.125e+02       1.366e-01
      -2.112e+02       9.059e-02
      -2.100e+02       1.499e-01
      -2.088e+02       1.443e-01
      -2.076e+02       1.579e-01
      -2.064e+02       1.409e-01
      -2.052e+02       1.168e-01
      -2.040e+02       1.394e-01
      -2.028e+02       1.654e-01
      -2.016e+02       1.554e-01
      -2.004e+02       1.788e-01
      -1.992e+02       1.431e-01
      -1.980e+02       1.332e-01
      -1.968e+02       1.246e-01
      -1.955e+02       1.290e-01
      -1.943e+02       1.178e-01
      -1.931e+02       1.530e-01
      -1.919e+02       1.249e-01
      -1.907e+02       9.893e-02
      -1.895e+02       9.357e-02
      -1.883e+02       7.409e-02
      -1.871e+02       6.337e-02
      -1.859e+02       7.316e-02
      -1.847e+02       7.670e-02
      -1.835e+02       5.086e-02
      -1.823e+02       2.730e-02
      -1.810e+02       7.793e-02
      -1.798e+02       3.594e-02
      -1.786e+02       4.507e-02
      -1.774e+02       1.738e-02
      -1.762e+02       2.381e-02
      -1.750e+02       1.537e-02
      -1.738e+02       3.028e-02
      -1.726e+02       2.838e-02
      -1.714e+02      -1.929e-02
      -1.702e+02      -1.237e-03
      -1.690e+02       1.224e-02
      -1.678e+02       2.534e-02
      -1.666e+02       1.762e-02
      -1.653e+02      -7.296e-03
      -1.641e+02       4.100e-02
      -1.629e+02       1.674e-03
      -1.617e+02       2.810e-02
      -1.605e+02       4.337e-03
      -1.593e+02      -2.505e-02
      -1.581e+02      -1.557e-02
      -1.569e+02       4.047e-03
      -1.557e+02       1.248e-02
      -1.545e+02      -6.147e-03
      -1.533e+02       3.343e-03
      -1.521e+02      -2.935e-02
      -1.509e+02       2.197e-02
      -1.496e+02       3.133e-02
      -1.484e+02      -4.299e-02
      -1.472e+02       8.366e-04
      -1.460e+02      -2.411e-02
      -1.448e+02      -1.426e-02
      -1.436e+02       2.692e-02
      -1.424e+02       6.381e-03
      -1.412e+02       1.398e-02
      -1.400e+02       1.145e-02
      -1.388e+02      -5.704e-03
      -1.376e+02       9.407e-03
      -1.364e+02       3.042e-02
      -1.352e+02      -1.908e-02
      -1.339e+02       1.542e-02
      -1.327e+02      -9.428e-03
      -1.315e+02       1.774e-03
      -1.303e+02       2.056e-02
      -1.291e+02       2.699e-02
      -1.279e+02      -1.152e-02
      -1.267e+02       2.782e-02
      -1.255e+02      -1.487e-02
      -1.243e+02      -7.851e-03
      -1.231e+02       9.970e-03
      -1.219e+02      -3.030e-03
      -1.207e+02      -2.596e-02
      -1.195e+02       4.396e-02
      -1.182e+02      -1.409e-02
      -1.170e+02      -4.441e-02
      -1.158e+02      -4.417e-03
      -1.146e+02      -1.164e-02
      -1.134e+02       5.138e-03
      -1.122e+02       1.474e-02
      -1.110e+02      -1.630e-04
      -1.098e+02      -2.108e-04
      -1.086e+02       1.167e-02
      -1.074e+02       8.320e-03
      -1.062e+02       2.767e-03
      -1.050e+02       1.532e-02
      -1.037e+02       1.588e-02
      -1.025e+02       1.100e-02
      -1.013e+02      -8.866e-03
      -1.001e+02      -1.381e-02
      -9.892e+01       5.108e-03
      -9.771e+01      -2.073e-02
      -9.650e+01      -2.820e-03
      -9.529e+01       3.743e-02
      -9.409e+01       2.984e-02
      -9.288e+01       3.626e-02
      -9.167e+01       2.531e-02
      -9.046e+01       1.058e-02
      -8.925e+01       3.020e-02
      -8.805e+01       3.829e-02
      -8.684e+01       6.751e-03
      -8.563e+01       1.966e-02
      -8.442e+01      -1.287e-02
      -8.322e+01      -2.545e-02
      -8.201e+01       1.030e-02
      -8.080e+01       1.239e-02
      -7.959e+01       2.327e-02
      -7.838e+01       2.476e-02
      -7.718e+01       5.687e-02
      -7.597e+01       5.767e-03
      -7.476e+01       3.034e-02
      -7.355e+01       2.664e-02
      -7.235e+01      -3.718e-03
      -7.114e+01       3.700e-02
      -6.993e+01       5.849e-02
      -6.872e+01       3.828e-02
      -6.751e+01       1.514e-03
      -6.631e+01       7.095e-03
      -6.510e+01       6.088e-02
      -6.389e+01       6.078e-02
      -6.268e+01       1.348e-02
      -6.147e+01       2.807e-02
      -6.027e+01      -2.451e-03
      -5.906e+01      -6.787e-03
      -5.785e+01       6.243e-03
      -5.664e+01       1.136e-02
      -5.544e+01       4.415e-02
      -5.423e+01       1.867e-02
      -5.302e+01       3.201e-02
      -5.181e+01       2.284e-02
      -5.060e+01       6.521e-02
      -4.940e+01       4.045e-02
      -4.819e+01       5.718e-02
      -4.698e+01       2.208e-02
      -4.577e+01       6.149e-02
      -4.457e+01       2.930e-02
      -4.336e+01       6.877e-02
      -4.215e+01       7.708e-02
      -4.094e+01       7.076e-02
      -3.973e+01       1.081e-01
      -3.853e+01       6.608e-02
      -3.732e+01       4.864e-02
      -3.611e+01       7.686e-02
      -3.490e+01       1.115e-01
      -3.369e+01       1.154e-01
      -3.249e+01       1.162e-01
      -3.128e+01       1.745e-01
      -3.007e+01       1.690e-01
      -2.886e+01       2.119e-01
      -2.766e+01       2.202e-01
      -2.645e+01       2.713e-01
      -2.524e+01       3.352e-01
      -2.403e+01       4.026e-01
      -2.282e+01       5.132e-01
      -2.162e+01       5.794e-01
      -2.041e+01       7.450e-01
      -1.920e+01       8.853e-01
      -1.799e+01       1.142e+00
      -1.679e+01       1.415e+00
      -1.558e+01       1.710e+00
      -1.437e+01       2.082e+00
      -1.316e+01       2.525e+00
      -1.195e+01       3.038e+00
      -1.075e+01       3.602e+00
      -9.538e+00       4.017e+00
      -8.330e+00       4.500e+00
      -7.123e+00       4.823e+00
      -5.915e+00       4.929e+00
      -4.707e+00       4.987e+00
      -3.499e+00       5.121e+00
      -2.291e+00       5.041e+00
      -1.083e+00       4.977e+00
       1.244e-01       4.681e+00
       1.332e+00       4.221e+00
       2.540e+00       3.577e+00
       3.748e+00       2.942e+00
       4.956e+00       2.354e+00
       6.164e+00       1.907e+00
       7.371e+00       1.486e+00
       8.579e+00       1.188e+00
       9.787e+00       8.654e-01
       1.099e+01       6.985e-01
       1.220e+01       5.334e-01
       1.341e+01       4.145e-01
       1.462e+01       3.085e-01
       1.583e+01       2.450e-01
       1.703e+01       1.589e-01
       1.824e+01       1.291e-01
       1.945e+01       9.771e-02
       2.066e+01       6.374e-02
       2.187e+01       4.964e-02
       2.307e+01       3.821e-02
       2.428e+01       1.752e-02
       2.549e+01      -1.394e-02
       2.670e+01      -7.084e-03
       2.790e+01      -2.878e-02
       2.911e+01       2.169e-02
       3.032e+01       1.042e-02
       3.153e+01       1.071e-03
       3.274e+01      -1.672e-02
       3.394e+01       2.047e-02
       3.515e+01      -1.010e-02
       3.636e+01      -3.984e-04
       3.757e+01      -3.812e-03
       3.877e+01       9.693e-03
       3.998e+01       3.108e-02
       4.119e+01      -3.528e-03
       4.240e+01      -1.120e-02
       4.361e+01      -1.392e-02
       4.481e+01      -4.520e-02
       4.602e+01      -2.678e-02
       4.723e+01      -1.400e-02
       4.844e+01      -2.267e-02
       4.965e+01      -1.781e-02
       5.085e+01      -2.979e-03
       5.206e+01      -9.048e-03
       5.327e+01       2.370e-03
       5.448e+01      -6.450e-03
       5.568e+01      -2.920e-02
       5.689e+01      -1.222e-02
       5.810e+01       1.631e-02
       5.931e+01      -3.944e-02
       6.052e+01      -1.879e-02
       6.172e+01      -5.734e-03
       6.293e+01      -1.666e-02
       6.414e+01      -1.170e-02
       6.535e+01      -4.861e-05
       6.656e+01      -4.382e-02
       6.776e+01       1.416e-02
       6.897e+01      -1.355e-03
       7.018e+01      -1.476e-02
       7.139e+01      -9.601e-03
       7.259e+01       1.865e-02
       7.380e+01      -1.935e-02
       7.501e+01      -6.123e-03
       7.622e+01       1.789e-02
       7.743e+01       1.966e-02
       7.863e+01      -2.360e-02
       7.984e+01      -1.568e-02
       8.105e+01      -1.289e-02
       8.226e+01       5.541e-03
       8.346e+01       8.888e-03
       8.467e+01      -2.261e-02
       8.588e+01      -3.023e-02
       8.709e+01       5.347e-03
       8.830e+01       3.187e-02
       8.950e+01       9.391e-03
       9.071e+01       1.970e-02
       9.192e+01      -2.335e-02
       9.313e+01      -3.757e-02
       9.434e+01      -4.065e-02
       9.554e+01      -1.135e-02
       9.675e+01      -1.091e-03
       9.796e+01      -8.837e-03
       9.917e+01       2.069e-03
       1.004e+02      -2.412e-02
       1.016e+02      -3.584e-02
       1.028e+02      -3.634e-03
       1.040e+02       2.268e-02
       1.052e+02      -2.361e-02
       1.064e+02       9.568e-03
       1.076e+02      -1.870e-02
       1.088e+02      -3.392e-02
       1.100e+02       1.139e-03
       1.112e+02      -1.240e-02
       1.125e+02       1.931e-02
       1.137e+02      -1.844e-02
       1.149e+02       1.028e-02
       1.161e+02      -1.004e-02
       1.173e+02      -1.553e-02
       1.185e+02      -1.536e-02
       1.197e+02      -1.413e-05
       1.209e+02       3.383e-02
       1.221e+02      -2.292e-02
       1.233e+02      -1.349e-02
       1.245e+02      -1.936e-03
       1.257e+02       3.086e-02
       1.269e+02      -4.495e-03
       1.282e+02      -3.687e-03
       1.294e+02      -3.233e-02
       1.306e+02       1.270e-03
       1.318e+02       3.046e-02
       1.330e+02      -1.398e-02
       1.342e+02       1.126e-03
       1.354e+02      -7.029e-03
       1.366e+02      -9.634e-03
       1.378e+02      -1.591e-02
       1.390e+02       8.071e-03
       1.402e+02      -3.343e-03
       1.414e+02       1.315e-02
       1.426e+02       2.101e-03
       1.439e+02       2.181e-02
       1.451e+02      -1.910e-02
       1.463e+02       9.124e-03
       1.475e+02      -1.138e-02
       1.487e+02      -3.757e-02
       1.499e+02       1.418e-02
       1.511e+02       4.970e-02
       1.523e+02       1.556e-02
       1.535e+02      -9.910e-03
       1.547e+02       3.211e-02
       1.559e+02       4.206e-02
       1.571e+02      -1.517e-02
       1.583e+02      -3.226e-03
       1.596e+02       8.401e-03
       1.608e+02       2.961e-03
       1.620e+02      -1.105e-03
       1.632e+02       2.609e-02
       1.644e+02      -4.069e-03
       1.656e+02       2.057e-02
       1.668e+02       3.577e-02
       1.680e+02      -5.620e-03
       1.692e+02       3.538e-02
       1.704e+02       1.564e-02
       1.716e+02       5.568e-03
       1.728e+02      -1.890e-02
       1.741e+02       8.162e-03
       1.753e+02      -1.364e-03
       1.765e+02       1.035e-03
       1.777e+02       2.664e-02
       1.789e+02      -1.540e-02
       1.801e+02       1.090e-02
       1.813e+02       6.520e-03
       1.825e+02      -3.194e-02
       1.837e+02      -8.385e-03
       1.849e+02      -2.071e-02
       1.861e+02      -7.972e-03
       1.873e+02      -2.392e-02
       1.885e+02      -1.886e-02
       1.898e+02       1.220e-02
       1.910e+02       2.703e-02
       1.922e+02       1.633e-02
       1.934e+02      -1.511e-03
       1.946e+02       2.091e-02
       1.958e+02       1.972e-02
       1.970e+02      -7.232e-04
       1.982e+02      -6.314e-03
       1.994e+02      -1.942e-03
       2.006e+02      -1.035e-02
       2.018e+02       2.551e-02
       2.030e+02      -1.357e-02
       2.042e+02      -2.064e-02
       2.055e+02       2.312e-02
       2.067e+02       3.743e-02
       2.079e+02      -9.894e-03
       2.091e+02       3.918e-02
       2.103e+02       1.043e-02
       2.115e+02      -2.573e-02
       2.127e+02      -1.753e-02
       2.139e+02       3.100e-02
       2.151e+02      -2.966e-02
       2.163e+02       3.014e-02
       2.175e+02       2.928e-03
       2.187e+02      -8.824e-03
       2.199e+02      -2.280e-02
       2.212e+02      -9.247e-03
       2.224e+02      -2.423e-02
       2.236e+02      -4.238e-03
       2.248e+02       1.275e-03
       2.260e+02       1.863e-02
       2.272e+02       2.368e-02
       2.284e+02      -1.613e-02
       2.296e+02       7.625e-03
       2.308e+02       2.879e-02
       2.320e+02      -3.289e-02
       2.332e+02      -3.312e-03
       2.344e+02      -6.013e-03
       2.357e+02       7.193e-03
       2.369e+02      -9.456e-03
       2.381e+02       4.012e-03
       2.393e+02      -3.617e-02
       2.405e+02      -1.578e-03
       2.417e+02      -1.619e-03
       2.429e+02       5.245e-03
       2.441e+02      -2.600e-02
       2.453e+02      -8.510e-03
       2.465e+02      -1.126e-02
       2.477e+02      -2.008e-02
       2.489e+02       5.045e-03
       2.501e+02      -9.256e-03
       2.514e+02       1.942e-02
       2.526e+02       3.206e-02
       2.538e+02       8.577e-03
       2.550e+02      -5.141e-03
       2.562e+02      -5.608e-03
       2.574e+02       5.149e-03
       2.586e+02       1.196e-02
       2.598e+02       2.624e-03
       2.610e+02      -2.020e-02
       2.622e+02       6.630e-03
       2.634e+02      -2.724e-02
       2.646e+02      -1.907e-03
       2.658e+02      -3.888e-03
       2.671e+02      -1.952e-02
       2.683e+02      -3.610e-03
       2.695e+02       5.218e-02
       2.707e+02       1.582e-02
       2.719e+02       2.392e-02
       2.731e+02      -5.515e-03
       2.743e+02       3.217e-02
       2.755e+02      -1.392e-02
       2.767e+02       7.682e-03
       2.779e+02      -8.139e-03
       2.791e+02       2.893e-03
       2.803e+02      -1.763e-02
       2.815e+02      -1.925e-02
       2.828e+02       1.016e-02
       2.840e+02      -5.586e-03
       2.852e+02      -2.650e-04
       2.864e+02       1.700e-02
       2.876e+02      -1.286e-02
       2.888e+02       2.535e-02
       2.900e+02      -2.900e-03
       2.912e+02      -1.334e-02
       2.924e+02      -1.310e-02
       2.936e+02      -2.539e-02
       2.948e+02       2.414e-02
       2.960e+02      -1.582e-02
       2.973e+02       2.602e-02
       2.985e+02      -2.774e-03
       2.997e+02      -2.361e-02
       3.009e+02      -1.474e-02
       3.021e+02       3.795e-02
       3.033e+02      -6.834e-03
       3.045e+02       5.177e-03
       3.057e+02       2.902e-02
       3.069e+02       3.871e-03
       3.081e+02       4.951e-03
       3.093e+02      -1.934e-02
       3.105e+02      -2.440e-03
       3.117e+02      -2.687e-02
       3.130e+02      -4.233e-03
       3.142e+02      -1.796e-02
       3.154e+02      -2.917e-03
       3.166e+02       2.886e-03
       3.178e+02       4.760e-02
       3.190e+02      -4.977e-03
       3.202e+02       4.857e-03
       3.214e+02       1.559e-02
       3.226e+02      -9.782e-03
       3.238e+02      -3.748e-02
       3.250e+02       1.158e-02
       3.262e+02       1.167e-02
       3.274e+02      -2.645e-05
       3.287e+02       2.012e-02
       3.299e+02      -2.022e-02
       3.311e+02      -1.798e-02
       3.323e+02       1.649e-02
       3.335e+02      -5.585e-03
       3.347e+02      -1.315e-02
       3.359e+02      -1.685e-02
       3.371e+02       6.142e-03
       3.383e+02      -1.468e-02
       3.395e+02      -1.251e-03
       3.407e+02       1.465e-02
       3.419e+02      -9.881e-03
       3.431e+02       2.252e-02
       3.444e+02      -6.428e-03
       3.456e+02      -7.824e-03
       3.468e+02      -8.865e-03
       3.480e+02       2.476e-02
       3.492e+02      -6.377e-03
       3.504e+02      -4.120e-03
       3.516e+02      -2.194e-02
       3.528e+02      -3.404e-03
       3.540e+02       1.764e-02
       3.552e+02      -4.898e-02
       3.564e+02      -7.691e-03
       3.576e+02      -3.955e-02
       3.588e+02       1.147e-02
       3.601e+02       2.836e-02
       3.613e+02      -1.424e-02
       3.625e+02       2.564e-02
       3.637e+02      -8.198e-03
       3.649e+02      -2.518e-03
       3.661e+02      -1.273e-02
       3.673e+02      -6.978e-03
       3.685e+02       2.778e-02
       3.697e+02       1.366e-02
       3.709e+02      -3.923e-02
       3.721e+02       1.800e-02
       3.733e+02      -1.916e-02
       3.746e+02      -1.183e-02
       3.758e+02      -1.935e-02
       3.770e+02       2.030e-03
       3.782e+02      -7.436e-04
       3.794e+02      -2.578e-02
       3.806e+02      -7.889e-03
       3.818e+02      -1.037e-02
       3.830e+02      -7.994e-03
       3.842e+02      -2.524e-02
       3.854e+02       1.246e-02
       3.866e+02      -3.222e-03
       3.878e+02      -2.803e-02
       3.890e+02      -4.549e-03
       3.903e+02       4.683e-05
       3.915e+02       1.793e-02
       3.927e+02       7.382e-02
       3.939e+02       2.082e-02
       3.951e+02      -2.006e-02
       3.963e+02      -5.179e-02
       3.975e+02      -6.504e-02
       3.987e+02      -1.781e-01
       3.999e+02      -7.339e-02
       4.011e+02      -1.415e-01
       4.023e+02      -9.235e-02
       4.035e+02      -1.829e-02
       4.047e+02      -1.920e-02
       4.060e+02      -2.218e-02
       4.072e+02       3.920e-04
       4.084e+02      -1.157e-03
       4.096e+02       6.830e-03
       4.108e+02      -1.005e-02
       4.120e+02       1.593e-02
       4.132e+02      -1.746e-02
       4.144e+02       8.340e-03
       4.156e+02       1.531e-02
       4.168e+02       1.553e-02
       4.180e+02       1.535e-02
       4.192e+02      -4.727e-03
       4.204e+02       1.592e-03
       4.217e+02      -1.733e-02
       4.229e+02       1.862e-02
       4.241e+02      -4.606e-03
       4.253e+02      -1.947e-04
       4.265e+02      -3.434e-03
       4.277e+02       1.218e-02
       4.289e+02      -1.617e-02
       4.301e+02      -9.945e-03
       4.313e+02       4.890e-02
       4.325e+02       1.783e-02
       4.337e+02       1.545e-02
       4.349e+02       8.094e-03
       4.362e+02       6.555e-03
       4.374e+02      -1.410e-02
       4.386e+02       5.663e-03
       4.398e+02      -1.342e-02
       4.410e+02      -8.494e-03
       4.422e+02       3.442e-02
       4.434e+02       2.813e-04
       4.446e+02       3.099e-02
       4.458e+02      -5.290e-03
       4.470e+02      -4.695e-03
       4.482e+02       1.881e-02
       4.494e+02      -1.788e-02
       4.506e+02      -1.428e-02
       4.519e+02      -3.221e-03
       4.531e+02      -1.572e-02
       4.543e+02      -1.525e-02
       4.555e+02       3.013e-02
       4.567e+02      -1.539e-02
       4.579e+02      -3.027e-02
       4.591e+02       1.638e-02
       4.603e+02       9.087e-04
       4.615e+02      -3.402e-03
       4.627e+02       1.379e-02
       4.639e+02       1.174e-02
       4.651e+02      -3.626e-03
       4.663e+02       1.869e-02
       4.676e+02      -1.607e-02
       4.688e+02      -2.166e-03
       4.700e+02      -7.064e-04
       4.712e+02       4.810e-04
       4.724e+02       9.037e-03
       4.736e+02      -1.791e-02
       4.748e+02      -2.196e-02
       4.760e+02       6.327e-03
       4.772e+02      -3.208e-02
       4.784e+02       1.512e-02
       4.796e+02      -1.380e-02
       4.808e+02      -2.132e-03
       4.820e+02      -5.798e-05
       4.833e+02       1.539e-02
       4.845e+02      -1.426e-04
       4.857e+02       7.585e-03
       4.869e+02       3.640e-02
       4.881e+02       2.380e-03
       4.893e+02       1.747e-02
       4.905e+02      -1.550e-02
       4.917e+02      -1.521e-02
       4.929e+02       1.221e-02
       4.941e+02      -3.055e-02
       4.953e+02      -5.519e-03
       4.965e+02       4.948e-02
       4.977e+02      -2.548e-02
       4.990e+02      -1.679e-02
       5.002e+02      -3.414e-02
       5.014e+02      -9.400e-03
       5.026e+02       1.238e-02
       5.038e+02      -4.834e-02
       5.050e+02      -2.028e-02
       5.062e+02      -3.618e-02
       5.074e+02      -3.382e-02
       5.086e+02      -2.290e-02
       5.098e+02      -2.407e-02
       5.110e+02      -1.209e-02
       5.122e+02      -3.382e-03
       5.135e+02      -3.701e-02
       5.147e+02      -9.142e-03
       5.159e+02      -2.750e-02
       5.171e+02      -3.856e-02
       5.183e+02      -3.915e-02
       5.195e+02      -3.223e-02
       5.207e+02      -4.449e-02
       5.219e+02      -4.389e-02
       5.231e+02      -4.754e-02
       5.243e+02      -8.013e-02
       5.255e+02      -7.748e-02
       5.267e+02      -9.860e-02
       5.279e+02      -6.305e-02
       5.292e+02      -1.178e-01
       5.304e+02      -6.613e-02
       5.316e+02      -7.138e-02
       5.328e+02      -6.519e-02
       5.340e+02      -5.831e-02
       5.352e+02      -1.077e-01
       5.364e+02      -7.204e-02
       5.376e+02      -7.001e-02
       5.388e+02      -8.193e-02
       5.400e+02      -5.341e-02
       5.412e+02      -9.718e-02
       5.424e+02      -8.182e-02
       5.436e+02      -6.540e-02
       5.449e+02      -8.069e-02
       5.461e+02      -7.054e-02
       5.473e+02      -8.607e-02
       5.485e+02      -5.694e-02
       5.497e+02      -6.755e-02
       5.509e+02      -2.881e-02
       5.521e+02      -5.727e-02
       5.533e+02      -6.199e-02
       5.545e+02      -4.777e-02
       5.557e+02      -5.926e-02
       5.569e+02      -3.031e-02
       5.581e+02      -5.781e-02
       5.593e+02      -4.317e-02
       5.606e+02      -4.381e-02
       5.618e+02      -2.944e-02
       5.630e+02      -2.310e-03
       5.642e+02      -3.698e-02
       5.654e+02      -4.022e-02
       5.666e+02      -5.519e-02
       5.678e+02      -3.110e-02
       5.690e+02      -3.378e-03
       5.702e+02      -1.326e-02
       5.714e+02      -3.761e-02
       5.726e+02      -3.710e-02
       5.738e+02      -2.102e-02
       5.751e+02      -4.369e-02
       5.763e+02      -6.761e-03
       5.775e+02      -9.732e-03
       5.787e+02      -3.293e-02
       5.799e+02      -1.557e-02
       5.811e+02      -3.712e-02
       5.823e+02      -2.880e-02
       5.835e+02      -1.666e-02
       5.847e+02      -2.304e-02
       5.859e+02      -2.634e-02
       5.871e+02       4.778e-03
       5.883e+02      -1.173e-03
       5.895e+02      -5.254e-02
       5.908e+02      -1.181e-02
       5.920e+02      -8.675e-04
       5.932e+02       8.162e-03
       5.944e+02      -1.062e-02
       5.956e+02      -3.745e-02
       5.968e+02      -4.378e-02
       5.980e+02      -1.838e-02
       5.992e+02      -4.522e-03
       6.004e+02      -6.587e-03
       6.016e+02      -1.161e-02
       6.028e+02      -1.315e-02
       6.040e+02      -1.832e-02
       6.052e+02      -1.565e-02
       6.065e+02      -1.045e-02
       6.077e+02      -1.539e-02
       6.089e+02      -3.005e-02
       6.101e+02      -4.121e-02
       6.113e+02      -3.492e-02
       6.125e+02      -2.576e-02
       6.137e+02      -3.292e-03
       6.149e+02      -2.439e-02
       6.161e+02      -1.427e-02
       6.173e+02      -4.077e-02
       6.185e+02      -5.340e-02
       6.197e+02      -2.352e-02
       6.209e+02      -5.301e-02
       6.222e+02      -1.807e-03
       6.234e+02      -2.615e-02
       6.246e+02      -1.814e-02
       6.258e+02      -3.585e-02
       6.270e+02      -4.024e-02
       6.282e+02      -9.898e-03
       6.294e+02      -7.142e-03
       6.306e+02      -5.663e-02
       6.318e+02      -1.499e-02
