     399.88    -0.121
     399.05     0.013
     398.23     0.055
     397.41    -0.042
     396.58    -0.093
     395.76     0.058
     394.93     0.005
     394.11     0.070
     393.28    -0.003
     392.46     0.014
     391.63     0.052
     390.81     0.098
     389.99     0.009
     389.16     0.082
     388.34    -0.012
     387.51     0.033
     386.69     0.075
     385.86     0.024
     385.04    -0.023
     384.21     0.052
     383.39    -0.012
     382.56     0.077
     381.74     0.026
     380.92    -0.029
     380.09    -0.022
     379.27    -0.039
     378.44     0.017
     377.62     0.041
     376.79     0.019
     375.97    -0.034
     375.14    -0.047
     374.32    -0.027
     373.50    -0.008
     372.67     0.052
     371.85    -0.030
     371.02     0.042
     370.20     0.039
     369.37     0.018
     368.55    -0.067
     367.72    -0.005
     366.90    -0.065
     366.08    -0.004
     365.25    -0.021
     364.43     0.008
     363.60    -0.001
     362.78    -0.042
     361.95    -0.123
     361.13    -0.008
     360.30     0.012
     359.48    -0.002
     358.65    -0.021
     357.83     0.031
     357.01    -0.017
     356.18    -0.014
     355.36    -0.108
     354.53    -0.050
     353.71     0.026
     352.88     0.005
     352.06    -0.042
     351.23    -0.033
     350.41    -0.069
     349.59     0.051
     348.76    -0.059
     347.94     0.022
     347.11    -0.006
     346.29     0.106
     345.46     0.036
     344.64    -0.065
     343.81     0.000
     342.99    -0.031
     342.16     0.024
     341.34    -0.007
     340.52    -0.007
     339.69     0.060
     338.87     0.088
     338.04    -0.053
     337.22     0.028
     336.39    -0.034
     335.57     0.002
     334.74     0.075
     333.92    -0.121
     333.10    -0.032
     332.27    -0.116
     331.45    -0.012
     330.62    -0.044
     329.80     0.032
     328.97    -0.020
     328.15     0.046
     327.32    -0.007
     326.50     0.048
     325.67     0.063
     324.85     0.116
     324.03     0.033
     323.20     0.058
     322.38    -0.004
     321.55    -0.047
     320.73     0.081
     319.90     0.010
     319.08     0.059
     318.25    -0.101
     317.43    -0.019
     316.61     0.002
     315.78    -0.069
     314.96     0.056
     314.13    -0.030
     313.31    -0.068
     312.48     0.004
     311.66    -0.004
     310.83     0.084
     310.01     0.111
     309.19    -0.033
     308.36    -0.002
     307.54    -0.044
     306.71     0.034
     305.89    -0.037
     305.06    -0.088
     304.24     0.005
     303.41    -0.009
     302.59     0.068
     301.76     0.030
     300.94    -0.010
     300.12    -0.128
     299.29     0.047
     298.47    -0.069
     297.64     0.031
     296.82    -0.117
     295.99     0.033
     295.17     0.024
     294.34     0.104
     293.52    -0.014
     292.70     0.049
     291.87    -0.029
     291.05    -0.094
     290.22     0.021
     289.40    -0.027
     288.57     0.086
     287.75     0.067
     286.92     0.031
     286.10    -0.055
     285.27    -0.023
     284.45    -0.011
     283.63    -0.088
     282.80     0.052
     281.98    -0.049
     281.15    -0.047
     280.33     0.020
     279.50     0.026
     278.68     0.000
     277.85     0.009
     277.03     0.008
     276.21    -0.014
     275.38    -0.070
     274.56     0.038
     273.73     0.083
     272.91    -0.067
     272.08     0.014
     271.26     0.005
     270.43     0.061
     269.61     0.198
     268.78     0.046
     267.96     0.049
     267.14    -0.032
     266.31     0.047
     265.49     0.004
     264.66     0.051
     263.84    -0.037
     263.01     0.001
     262.19     0.010
     261.36    -0.025
     260.54    -0.039
     259.72    -0.018
     258.89    -0.072
     258.07    -0.013
     257.24     0.013
     256.42    -0.019
     255.59    -0.031
     254.77    -0.080
     253.94     0.008
     253.12     0.064
     252.29     0.013
     251.47    -0.028
     250.65    -0.048
     249.82     0.017
     249.00    -0.112
     248.17    -0.020
     247.35    -0.139
     246.52     0.044
     245.70    -0.052
     244.87    -0.084
     244.05     0.062
     243.23     0.041
     242.40     0.077
     241.58     0.048
     240.75     0.030
     239.93    -0.017
     239.10     0.071
     238.28    -0.042
     237.45    -0.061
     236.63    -0.080
     235.81     0.049
     234.98    -0.010
     234.16     0.029
     233.33     0.021
     232.51    -0.060
     231.68     0.025
     230.86    -0.023
     230.03     0.014
     229.21     0.050
     228.38     0.028
     227.56     0.056
     226.74     0.090
     225.91     0.014
     225.09     0.053
     224.26    -0.057
     223.44    -0.035
     222.61     0.055
     221.79     0.060
     220.96     0.054
     220.14    -0.068
     219.32    -0.012
     218.49    -0.024
     217.67     0.036
     216.84    -0.055
     216.02     0.133
     215.19    -0.001
     214.37    -0.029
     213.54     0.062
     212.72    -0.008
     211.89    -0.080
     211.07    -0.070
     210.25    -0.038
     209.42     0.009
     208.60    -0.077
     207.77     0.101
     206.95     0.046
     206.12     0.110
     205.30     0.068
     204.47     0.044
     203.65     0.028
     202.83     0.052
     202.00     0.009
     201.18    -0.033
     200.35     0.011
     199.53     0.004
     198.70     0.017
     197.88     0.108
     197.05    -0.008
     196.23     0.039
     195.40    -0.064
     194.58    -0.071
     193.76    -0.014
     192.93     0.065
     192.11     0.028
     191.28    -0.151
     190.46     0.012
     189.63     0.038
     188.81    -0.019
     187.98    -0.024
     187.16     0.026
     186.34     0.026
     185.51     0.047
     184.69    -0.022
     183.86     0.062
     183.04    -0.037
     182.21    -0.077
     181.39     0.030
     180.56    -0.067
     179.74    -0.031
     178.92    -0.091
     178.09     0.078
     177.27     0.057
     176.44     0.124
     175.62     0.040
     174.79     0.080
     173.97    -0.058
     173.14     0.039
     172.32    -0.086
     171.49     0.044
     170.67    -0.017
     169.85    -0.020
     169.02    -0.050
     168.20    -0.007
     167.37    -0.035
     166.55     0.030
     165.72     0.026
     164.90    -0.009
     164.07    -0.065
     163.25    -0.088
     162.43     0.018
     161.60    -0.033
     160.78    -0.018
     159.95    -0.004
     159.13    -0.049
     158.30     0.105
     157.48     0.021
     156.65    -0.045
     155.83     0.037
     155.00    -0.067
     154.18     0.053
     153.36    -0.051
     152.53    -0.111
     151.71    -0.109
     150.88    -0.061
     150.06     0.056
     149.23    -0.081
     148.41    -0.053
     147.58    -0.127
     146.76    -0.006
     145.94     0.024
     145.11    -0.031
     144.29     0.056
     143.46    -0.032
     142.64     0.030
     141.81     0.036
     140.99    -0.063
     140.16    -0.046
     139.34     0.018
     138.51    -0.045
     137.69     0.126
     136.87     0.024
     136.04     0.046
     135.22    -0.096
     134.39     0.028
     133.57    -0.003
     132.74     0.039
     131.92    -0.070
     131.09    -0.056
     130.27    -0.042
     129.45    -0.024
     128.62    -0.045
     127.80     0.042
     126.97    -0.076
     126.15    -0.058
     125.32    -0.045
     124.50    -0.015
     123.67     0.012
     122.85    -0.021
     122.03     0.054
     121.20    -0.008
     120.38     0.000
     119.55    -0.106
     118.73     0.016
     117.90     0.021
     117.08     0.024
     116.25     0.087
     115.43     0.111
     114.60    -0.052
     113.78     0.005
     112.96     0.067
     112.13    -0.010
     111.31    -0.007
     110.48    -0.027
     109.66    -0.029
     108.83     0.027
     108.01     0.092
     107.18     0.047
     106.36    -0.079
     105.54    -0.036
     104.71    -0.054
     103.89    -0.068
     103.06     0.018
     102.24     0.034
     101.41     0.057
     100.59    -0.045
      99.76    -0.076
      98.94    -0.033
      98.11     0.002
      97.29    -0.050
      96.47    -0.004
      95.64    -0.062
      94.82     0.008
      93.99    -0.000
      93.17     0.104
      92.34     0.080
      91.52     0.050
      90.69    -0.018
      89.87     0.050
      89.05     0.102
      88.22     0.010
      87.40     0.032
      86.57    -0.019
      85.75    -0.024
      84.92    -0.043
      84.10     0.037
      83.27    -0.071
      82.45     0.135
      81.62     0.089
      80.80     0.010
      79.98    -0.018
      79.15     0.064
      78.33     0.012
      77.50    -0.032
      76.68    -0.029
      75.85     0.089
      75.03     0.033
      74.20     0.032
      73.38    -0.051
      72.56    -0.033
      71.73     0.020
      70.91    -0.050
      70.08    -0.045
      69.26     0.066
      68.43     0.099
      67.61     0.044
      66.78     0.019
      65.96    -0.144
      65.13    -0.078
      64.31    -0.038
      63.49    -0.009
      62.66     0.062
      61.84     0.097
      61.01    -0.011
      60.19     0.036
      59.36     0.025
      58.54     0.005
      57.71    -0.003
      56.89     0.075
      56.07     0.022
      55.24     0.037
      54.42     0.086
      53.59    -0.133
      52.77     0.049
      51.94    -0.105
      51.12    -0.052
      50.29     0.016
      49.47     0.063
      48.65    -0.032
      47.82     0.056
      47.00     0.005
      46.17    -0.005
      45.35     0.036
      44.52     0.145
      43.70    -0.001
      42.87    -0.028
      42.05     0.015
      41.22    -0.017
      40.40    -0.112
      39.58     0.001
      38.75     0.009
      37.93     0.062
      37.10     0.074
      36.28     0.034
      35.45     0.061
      34.63     0.032
      33.80     0.026
      32.98     0.023
      32.16     0.003
      31.33    -0.034
      30.51    -0.082
      29.68    -0.033
      28.86     0.112
      28.03     0.067
      27.21    -0.007
      26.38     0.060
      25.56     0.033
      24.73     0.133
      23.91     0.116
      23.09     0.075
      22.26     0.050
      21.44     0.181
      20.61     0.143
      19.79     0.168
      18.96     0.163
      18.14     0.221
      17.31     0.250
      16.49     0.186
      15.67     0.343
      14.84     0.425
      14.02     0.301
      13.19     0.539
      12.37     0.558
      11.54     0.670
      10.72     0.781
       9.89     1.001
       9.07     1.224
       8.24     1.346
       7.42     1.670
       6.60     1.960
       5.77     2.420
       4.95     2.942
       4.12     3.663
       3.30     4.550
       2.47     4.898
       1.65     5.168
       0.82     5.369
       0.00     5.660
      -0.82     6.013
      -1.65     6.395
      -2.47     6.856
      -3.30     6.838
      -4.12     6.433
      -4.95     5.797
      -5.77     5.384
      -6.60     5.193
      -7.42     5.077
      -8.24     4.969
      -9.07     4.716
      -9.89     4.555
     -10.72     4.320
     -11.54     3.854
     -12.37     3.440
     -13.19     3.091
     -14.02     2.799
     -14.84     2.487
     -15.67     2.267
     -16.49     2.035
     -17.31     1.870
     -18.14     1.619
     -18.96     1.390
     -19.79     1.166
     -20.61     0.973
     -21.44     0.905
     -22.26     0.774
     -23.09     0.683
     -23.91     0.631
     -24.73     0.418
     -25.56     0.331
     -26.38     0.389
     -27.21     0.190
     -28.03     0.270
     -28.86     0.081
     -29.68     0.148
     -30.51     0.127
     -31.33     0.086
     -32.16     0.118
     -32.98     0.109
     -33.80     0.190
     -34.63     0.066
     -35.45     0.015
     -36.28     0.140
     -37.10     0.100
     -37.93     0.123
     -38.75     0.077
     -39.58     0.046
     -40.40    -0.035
     -41.22     0.161
     -42.05     0.047
     -42.87     0.164
     -43.70    -0.007
     -44.52     0.116
     -45.35     0.044
     -46.17     0.095
     -47.00     0.078
     -47.82     0.018
     -48.65     0.049
     -49.47     0.085
     -50.29     0.129
     -51.12     0.037
     -51.94    -0.067
     -52.77    -0.029
     -53.59     0.143
     -54.42     0.130
     -55.24     0.101
     -56.07     0.035
     -56.89     0.059
     -57.71     0.040
     -58.54     0.209
     -59.36    -0.008
     -60.19     0.087
     -61.01    -0.002
     -61.84     0.178
     -62.66     0.078
     -63.49     0.045
     -64.31    -0.012
     -65.13    -0.011
     -65.96    -0.008
     -66.78     0.019
     -67.61    -0.010
     -68.43     0.006
     -69.26     0.024
     -70.08    -0.002
     -70.91    -0.088
     -71.73     0.075
     -72.56    -0.035
     -73.38     0.039
     -74.20     0.006
     -75.03    -0.033
     -75.85    -0.050
     -76.68     0.009
     -77.50     0.016
     -78.33    -0.038
     -79.15     0.005
     -79.98    -0.022
     -80.80    -0.001
     -81.62    -0.038
     -82.45     0.062
     -83.27    -0.041
     -84.10    -0.068
     -84.92    -0.006
     -85.75    -0.060
     -86.57     0.032
     -87.40    -0.088
     -88.22    -0.020
     -89.05    -0.032
     -89.87     0.038
     -90.69    -0.029
     -91.52    -0.064
     -92.34    -0.068
     -93.17     0.021
     -93.99    -0.008
     -94.82     0.046
     -95.64     0.023
     -96.47    -0.114
     -97.29     0.143
     -98.11    -0.034
     -98.94    -0.001
     -99.76     0.064
    -100.59    -0.045
    -101.41     0.029
    -102.24    -0.026
    -103.06    -0.018
    -103.89     0.023
    -104.71     0.024
    -105.54    -0.075
    -106.36    -0.090
    -107.18     0.023
    -108.01     0.017
    -108.83     0.047
    -109.66     0.045
    -110.48    -0.002
    -111.31    -0.010
    -112.13     0.032
    -112.96     0.137
    -113.78    -0.030
    -114.60    -0.035
    -115.43     0.125
    -116.25    -0.037
    -117.08    -0.138
    -117.90    -0.107
    -118.73    -0.053
    -119.55     0.016
    -120.38    -0.077
    -121.20    -0.029
    -122.03     0.030
    -122.85    -0.039
    -123.67     0.113
    -124.50    -0.004
    -125.32    -0.028
    -126.15    -0.000
    -126.97     0.065
    -127.80    -0.076
    -128.62    -0.156
    -129.45    -0.006
    -130.27    -0.071
    -131.09     0.016
    -131.92    -0.007
    -132.74     0.016
    -133.57     0.062
    -134.39     0.003
    -135.22    -0.048
    -136.04    -0.027
    -136.87     0.021
    -137.69     0.010
    -138.51     0.034
    -139.34    -0.014
    -140.16    -0.011
    -140.99    -0.043
    -141.81    -0.047
    -142.64     0.030
    -143.46     0.054
    -144.29    -0.081
    -145.11     0.005
    -145.94    -0.009
    -146.76    -0.087
    -147.58    -0.029
    -148.41    -0.032
    -149.23    -0.044
    -150.06     0.004
    -150.88    -0.064
    -151.71     0.009
    -152.53     0.004
    -153.36    -0.042
    -154.18    -0.101
    -155.00    -0.021
    -155.83     0.051
    -156.65    -0.032
    -157.48    -0.028
    -158.30    -0.009
    -159.13     0.040
    -159.95     0.129
    -160.78     0.051
    -161.60     0.080
    -162.43    -0.021
    -163.25     0.074
    -164.07     0.031
    -164.90     0.005
    -165.72     0.036
    -166.55    -0.014
    -167.37     0.068
    -168.20     0.016
    -169.02     0.075
    -169.85     0.006
    -170.67     0.059
    -171.49    -0.028
    -172.32     0.045
    -173.14     0.003
    -173.97     0.048
    -174.79    -0.007
    -175.62     0.052
    -176.44    -0.099
    -177.27    -0.012
    -178.09    -0.002
    -178.92     0.077
    -179.74    -0.010
    -180.56     0.054
    -181.39    -0.065
    -182.21     0.037
    -183.04     0.160
    -183.86     0.075
    -184.69    -0.058
    -185.51    -0.078
    -186.34     0.104
    -187.16     0.017
    -187.98     0.024
    -188.81     0.059
    -189.63     0.019
    -190.46     0.076
    -191.28     0.051
    -192.11    -0.033
    -192.93     0.059
    -193.76     0.096
    -194.58     0.013
    -195.40     0.037
    -196.23     0.080
    -197.05    -0.137
    -197.88     0.021
    -198.70    -0.056
    -199.53     0.169
    -200.35     0.009
    -201.18    -0.083
    -202.00     0.050
    -202.83     0.116
    -203.65     0.020
    -204.47    -0.065
    -205.30    -0.058
    -206.12     0.025
    -206.95     0.031
    -207.77    -0.109
    -208.60     0.100
    -209.42     0.029
    -210.25    -0.123
    -211.07     0.023
    -211.89    -0.026
    -212.72    -0.090
    -213.54    -0.096
    -214.37     0.003
    -215.19     0.065
    -216.02     0.050
    -216.84     0.036
    -217.67    -0.050
    -218.49     0.033
    -219.32     0.063
    -220.14     0.083
    -220.96    -0.043
    -221.79    -0.041
    -222.61     0.048
    -223.44    -0.023
    -224.26    -0.036
    -225.09     0.094
    -225.91    -0.024
    -226.74    -0.023
    -227.56    -0.208
    -228.38    -0.020
    -229.21    -0.033
    -230.03     0.023
    -230.86    -0.042
    -231.68    -0.073
    -232.51     0.083
    -233.33     0.008
    -234.16     0.006
    -234.98    -0.078
    -235.81     0.015
    -236.63     0.081
    -237.45     0.076
    -238.28    -0.042
    -239.10    -0.004
    -239.93     0.012
    -240.75    -0.035
    -241.58     0.025
    -242.40    -0.050
    -243.23    -0.080
    -244.05     0.049
    -244.87    -0.091
    -245.70    -0.059
    -246.52     0.047
    -247.35    -0.070
    -248.17     0.043
    -249.00     0.006
    -249.82     0.036
    -250.65    -0.017
    -251.47     0.119
    -252.29    -0.022
    -253.12    -0.072
    -253.94    -0.033
    -254.77    -0.001
    -255.59    -0.055
    -256.42     0.113
    -257.24     0.023
    -258.07     0.050
    -258.89     0.106
    -259.72     0.043
    -260.54    -0.043
    -261.36    -0.056
    -262.19    -0.000
    -263.01     0.065
    -263.84    -0.037
    -264.66    -0.001
    -265.49     0.020
    -266.31     0.014
    -267.14     0.005
    -267.96    -0.018
    -268.78    -0.059
    -269.61     0.039
    -270.43    -0.053
    -271.26     0.052
    -272.08    -0.054
    -272.91    -0.026
    -273.73     0.140
    -274.56     0.158
    -275.38     0.011
    -276.21    -0.041
    -277.03     0.050
    -277.85    -0.084
    -278.68     0.057
    -279.50     0.006
    -280.33     0.043
    -281.15    -0.016
    -281.98    -0.070
    -282.80    -0.018
    -283.63     0.026
    -284.45     0.008
    -285.27    -0.041
    -286.10    -0.023
    -286.92    -0.065
    -287.75     0.062
    -288.57    -0.079
    -289.40    -0.047
    -290.22    -0.068
    -291.05     0.080
    -291.87     0.094
    -292.70     0.015
    -293.52    -0.060
    -294.34     0.055
    -295.17    -0.018
    -295.99    -0.052
    -296.82     0.084
    -297.64     0.131
    -298.47     0.026
    -299.29    -0.034
    -300.12    -0.091
    -300.94    -0.001
    -301.76    -0.016
    -302.59     0.037
    -303.41     0.054
    -304.24     0.044
    -305.06     0.084
    -305.89    -0.036
    -306.71    -0.004
    -307.54     0.026
    -308.36    -0.041
    -309.18    -0.060
    -310.01    -0.043
    -310.83    -0.078
    -311.66    -0.024
    -312.48     0.024
    -313.31    -0.022
    -314.13     0.009
    -314.96     0.056
    -315.78    -0.069
    -316.61    -0.004
    -317.43    -0.083
    -318.25     0.091
    -319.08     0.061
    -319.90    -0.068
    -320.73    -0.042
    -321.55     0.054
    -322.38     0.122
    -323.20    -0.018
    -324.03    -0.021
    -324.85    -0.007
    -325.67     0.016
    -326.50     0.046
    -327.32     0.011
    -328.15    -0.061
    -328.97     0.011
    -329.80     0.033
    -330.62     0.044
    -331.45     0.015
    -332.27     0.007
    -333.10     0.052
    -333.92    -0.099
    -334.74    -0.004
    -335.57    -0.011
    -336.39    -0.083
    -337.22    -0.040
    -338.04    -0.004
    -338.87    -0.007
    -339.69    -0.069
    -340.52    -0.045
    -341.34    -0.083
    -342.16    -0.013
    -342.99    -0.055
    -343.81    -0.105
    -344.64     0.008
    -345.46     0.003
    -346.29    -0.008
    -347.11     0.095
    -347.94    -0.005
    -348.76    -0.028
    -349.59    -0.155
    -350.41     0.047
    -351.23     0.034
    -352.06    -0.046
    -352.88    -0.012
    -353.71    -0.060
    -354.53     0.089
    -355.36    -0.042
    -356.18     0.028
    -357.01    -0.030
    -357.83    -0.049
    -358.65    -0.110
    -359.48    -0.006
    -360.30    -0.042
    -361.13    -0.083
    -361.95    -0.072
    -362.78     0.071
    -363.60     0.082
    -364.43    -0.092
    -365.25    -0.027
    -366.08     0.006
    -366.90    -0.020
    -367.72    -0.006
    -368.55     0.111
    -369.37     0.019
    -370.20     0.139
    -371.02    -0.115
    -371.85    -0.004
    -372.67     0.015
    -373.50     0.008
    -374.32     0.038
    -375.14     0.013
    -375.97     0.040
    -376.79     0.017
    -377.62     0.042
    -378.44     0.123
    -379.27     0.013
    -380.09    -0.046
    -380.92     0.011
    -381.74     0.059
    -382.56     0.028
    -383.39     0.016
    -384.21    -0.010
    -385.04    -0.003
    -385.86     0.041
    -386.69     0.079
    -387.51     0.019
    -388.34     0.025
    -389.16    -0.015
    -389.99    -0.056
    -390.81     0.048
    -391.63    -0.020
    -392.46     0.047
    -393.28     0.131
    -394.11    -0.077
    -394.93    -0.053
    -395.76    -0.035
    -396.58    -0.086
    -397.41     0.021
    -398.23     0.005
    -399.05    -0.016
    -399.88     0.027
